1000
458
59
100
620
70
397
262
373
201
66
198
517
317
174
532
573
455
219
462
211
81
157
113
822
53
777
522
664
428
181
174
900
567
292
239
187
60
369
154
525
304
506
500
475
127
193
171
182
338
314
375
535
84
486
116
325
525
400
393
283
151
522
326
418
189
373
353
401
394
113
58
368
725
537
143
114
143
510
118
454
167
560
324
454
428
303
568
129
410
435
663
173
298
335
445
340
339
503
482
426
259
290
283
565
249
348
142
320
366
235
384
436
231
567
571
287
194
330
298
812
103
204
270
365
443
373
471
885
221
412
262
438
444
431
77
566
476
74
585
450
482
119
240
483
59
348
156
59
282
499
317
190
325
569
291
571
237
365
332
360
439
308
56
254
526
323
239
828
315
408
385
208
89
563
223
389
284
521
421
93
339
600
575
306
592
156
322
64
404
359
286
263
154
75
515
223
824
138
360
256
581
650
87
98
160
308
506
381
384
531
584
209
498
374
241
88
177
592
526
244
62
367
332
182
445
281
276
609
528
433
193
476
859
412
157
392
61
461
455
451
588
70
110
479
579
329
385
403
332
955
377
599
820
484
177
503
203
321
107
315
233
119
359
151
376
373
365
588
185
153
494
246
97
235
154
240
360
120
534
182
120
120
309
562
204
93
106
336
501
330
123
105
178
528
293
413
244
110
188
195
448
557
139
106
130
812
927
128
564
532
408
481
172
85
523
591
174
999
293
176
296
527
277
94
127
495
138
139
335
510
323
994
441
207
70
554
547
833
120
866
926
449
475
487
306
214
587
307
512
446
220
497
429
216
148
550
118
323
235
84
280
139
591
220
160
431
373
420
311
212
479
264
331
204
484
121
371
457
571
493
417
600
917
220
271
301
425
417
441
295
413
709
160
98
230
490
335
150
547
549
240
595
599
72
405
230
445
465
521
272
264
166
460
60
315
326
191
234
346
567
247
291
398
166
430
243
354
115
379
586
400
159
440
109
557
492
171
280
436
336
504
117
143
79
515
429
275
54
58
399
118
230
388
397
121
366
117
323
513
167
463
276
362
91
124
472
507
229
432
529
575
474
109
568
169
581
446
357
461
283
103
270
472
563
494
412
243
478
222
481
461
227
201
421
596
193
159
117
458
411
337
504
166
227
501
58
369
362
97
593
435
134
453
783
222
302
380
347
110
446
373
85
177
356
755
566
343
231
580
257
587
71
447
121
559
510
107
220
312
263
351
461
398
228
183
179
106
574
189
483
333
524
447
766
361
214
164
286
602
448
752
420
308
470
369
614
556
324
271
167
371
302
559
312
446
203
550
962
226
995
181
153
378
285
393
244
842
578
208
219
207
396
286
253
411
295
280
243
62
442
405
55
247
402
530
64
299
430
948
226
123
516
427
478
428
576
322
263
208
148
371
549
100
461
71
397
334
191
126
528
342
600
485
177
365
364
311
411
280
151
138
199
506
476
136
55
470
174
498
431
50
482
252
559
534
568
246
585
400
494
442
241
555
565
492
547
240
486
111
119
64
387
409
75
489
466
472
199
925
784
156
75
133
307
389
297
173
186
97
382
99
479
560
393
331
223
547
92
324
302
874
675
895
906
577
572
985
787
497
699
909
672
997
734
487
483
770
600
471
922
591
552
970
711
640
825
642
825
437
936
887
987
992
892
522
871
893
884
884
891
446
649
864
730
845
432
991
922
729
892
831
954
947
992
960
999
403
454
523
742
947
516
506
975
806
854
648
859
775
502
695
578
474
608
452
929
850
736
917
577
681
811
708
852
545
530
852
900
967
951
851
449
606
935
929
580
742
917
603
865
785
856
627
558
832
779
898
963
668
524
444
813
758
905
793
811
956
507
859
840
542
924
883
940
413
610
930
955
436
904
963
472
490
990
541
793
535
921
510
939
513
856
810
745
540
469
831
730
428
934
941
827
940
916
938
917
697
448
859
755
432
437
486
929
529
818
788
982
572
872
936
835
898
920
679
411
911
938
844
900
407
982
600
638
887
896
830
946
695
817
969
822
424
768
668
451
992
472
515
476
907
803
247
108
131
90
51
175
164
577
235
323
86
393
374
98
119
98
224
540
147
443
468
276
161
350
446
255
250
210
435
206
349
485
224
544
564
86
290
366
139
328
80
359
580
334
277
55
402
257
334
408
260
250
593
51
216
113
150
250
835
355
430
118
313
439
239
252
485
195
152
343
281
108
51
279
91
863
431
590
139
336
254
311
377
686
553
312
547
125
99
247
121
579
379
580
512
414
358
297
