100
1 300
9 273
23 138
29 205
30 231
43 263
55 234
64 263
70 227
77 237
92 340
94 298
96 138
111 264
114 280
120 245
122 330
132 101
145 352
157 74
163 63
170 84
171 88
177 144
180 149
187 81
194 193
200 86
209 160
213 139
218 161
221 254
225 237
226 131
233 313
247 63
256 336
262 302
265 132
279 267
288 113
299 60
310 197
317 190
324 201
326 226
340 276
343 121
357 231
371 309
375 285
390 152
403 248
416 216
429 68
443 280
457 134
463 326
474 216
489 181
495 123
502 313
509 344
510 141
523 299
526 120
541 169
546 308
552 281
559 171
563 166
576 254
586 78
590 234
602 282
613 328
615 260
629 265
641 117
656 163
660 181
669 359
680 359
681 159
687 298
695 82
709 328
721 153
722 188
737 349
748 91
758 150
765 102
768 186
781 279
793 62
798 229
808 296
821 289
830 126
