97087
83711
60606
44643
95077
12453
55225
23996
69039
86081
70740
16483
85301
76903
93644
15682
42473
87498
73280
25361
87104
44514
68582
51984
61254
72077
56478
75284
72525
93881
22058
62000
65286
92564
17481
40138
77675
90151
61984
73465
3962
83809
95289
30189
92898
84977
91028
27714
49627
14565
49851
51918
41831
50509
57564
97726
64720
34733
57973
8804
31598
17690
33613
68522
1120
78557
36615
7913
28259
17124
5751
85307
49440
25014
2267
9860
82680
5392
69045
86697
92455
41818
77616
54782
82326
53292
93121
98963
75810
75128
94395
22064
25095
1191
57347
11929
3867
50723
52020
30932
54017
80832
30250
551
82712
74932
39178
99055
56541
72395
27451
99408
56276
1021
86612
27510
76287
88657
70616
88531
73661
59568
98199
69355
48388
94950
36280
57838
94650
16786
72235
57205
98059
61983
96381
43774
91234
21658
30206
37520
20073
31107
66644
23133
45946
67542
50162
18272
89110
23802
40469
9178
59616
81430
78538
21815
9853
90856
53386
65004
23047
10793
2951
73158
56253
2917
81793
26838
35744
96354
40492
49367
55113
33812
6912
35778
82253
23067
78907
27506
45896
31098
99860
11722
95196
7907
17451
87092
65480
75642
13862
31065
61074
27613
5836
51766
68825
51122
67303
48230
4202
1051
47756
72073
40348
80437
1688
72501
2439
43688
13938
69143
26776
71261
36665
31156
68843
12137
28216
33866
26857
44751
34773
71213
55491
36635
55036
35156
54018
98580
44844
85763
91082
36022
98515
30687
42523
6171
28925
43835
37400
57086
80047
63916
68601
40901
63184
31958
8292
33744
97098
49210
51621
58623
74020
68752
26385
61232
44523
73180
86588
31230
51874
82898
37611
54781
28314
2794
25276
33032
73418
89570
35182
22362
16889
65087
56696
19994
65093
87497
64729
48411
14197
74158
85820
37518
32001
65962
71583
5811
7005
25778
55301
27365
60373
96486
54568
24957
32542
59179
22287
48954
49343
3717
93943
66475
56749
47841
41011
69245
98839
43517
48817
19643
59460
57687
68831
81368
35713
53945
99676
80512
46543
83713
97205
77727
91343
46001
27148
21175
92410
5037
25930
72219
8838
20118
24651
1551
85499
79426
12153
61469
91530
44911
63185
75414
34881
78877
96357
54907
74982
47704
36790
11753
58767
42605
78433
52352
12625
15549
17126
73519
96622
42646
25831
89946
69658
35064
50993
61959
79826
98220
81295
234
85398
86940
54219
75409
40574
33495
82491
21281
39750
67741
49589
18699
48001
33530
13046
95527
84677
92154
8362
60963
4896
74144
85681
29229
74901
1921
97065
37183
10745
34412
9831
38095
29914
14337
95897
55324
93830
82235
18172
21683
8524
39647
25166
65215
89505
11030
46600
83557
14188
91639
66103
86800
58809
49678
98651
28177
10737
98354
99868
73451
72162
11397
33979
94267
95125
19683
72572
38530
26614
96430
17125
2334
1821
13425
62383
30819
14655
22856
96322
25086
2618
31153
35030
62446
67089
38225
54725
82996
75075
20117
49176
43829
41089
50025
92464
74219
24034
46673
7254
13344
17679
25151
5559
58370
37724
20710
68613
35015
305
89023
31345
62448
66806
54398
84500
61755
56013
17373
46665
75219
10585
99517
72149
90059
69185
30062
90873
22500
31521
32821
79059
37392
72413
96467
94600
12762
33997
49039
57759
95071
61620
78895
90039
26022
59229
82055
2090
70839
45155
88511
84860
53602
20454
5069
60226
81332
63406
86105
48141
18462
98050
32976
50556
40686
84270
94462
89720
76121
54345
18024
17863
66503
8138
96165
58527
19588
46434
44633
52891
79258
82384
59673
79657
80955
53753
97228
65280
8687
19831
94679
95122
21102
18266
76738
97683
33011
74580
5912
76449
6364
82715
88501
74065
47891
91307
87698
60499
60147
65602
11090
28982
57905
34573
82322
60393
41459
82990
83815
62884
39580
24087
21070
57835
62143
26716
32512
5809
79188
11946
77273
29769
91547
70793
16708
80542
90230
96877
73364
84255
70118
20829
71048
40637
46060
79446
39808
11411
84581
44805
13344
753
82954
91256
68922
20589
63093
96628
31244
59602
46887
49140
21514
17758
59410
36041
14436
8101
60715
45987
20142
55967
66267
25604
46926
11213
39091
92016
60199
5043
62070
36848
97458
59243
49813
12359
62848
40579
72993
2939
44425
52922
66540
28263
54805
92471
91895
26923
95893
57678
17047
1847
80912
50761
25128
77284
80392
63312
19575
25880
81496
17108
4667
11793
32488
90011
90984
80854
28118
47674
7007
26871
15218
92191
62769
60157
30586
96997
26963
91069
36164
15948
62221
26101
29871
18626
681
41487
69449
15517
62212
86122
8876
2993
12967
31174
40262
33297
65142
7448
18963
85773
63098
23736
64007
40591
16949
63559
70527
83487
23827
53347
12524
85114
93500
61673
68352
80794
44537
90131
93748
93989
5790
26909
36086
95977
60962
77840
18945
97269
48560
92522
35240
33234
45873
20051
91122
76159
8949
32253
40121
3512
67818
17885
41172
85949
47981
93230
28768
7893
56484
90022
45383
63241
62798
11825
15538
65729
67777
40775
236
78349
16544
26974
86375
50412
17925
56184
91022
27169
13578
96988
39162
74482
67989
6071
43643
62417
70607
7342
94208
49272
71346
15999
31689
69793
89339
27808
98918
54536
67365
84950
31078
52049
75452
51212
86988
93101
38412
67271
41051
51594
72009
45515
14336
43221
68162
16333
26579
7903
74133
38315
74812
47499
73482
11882
87474
92909
86588
32862
17316
94486
92831
69407
68157
79822
59543
50854
53191
43073
66803
50330
49699
5104
297
23710
94109
39219
82459
8931
20012
41695
92289
31142
18748
10174
65641
55547
10131
65233
73858
14032
89475
20469
23466
51495
2702
19646
32963
10143
36787
7272
84111
26899
29298
98907
1332
99632
89972
96749
78088
42150
37834
20390
93167
21083
78533
8519
54251
67356
39416
15462
86032
38256
4170
71507
50850
73671
1021
78746
22581
81623
59572
96549
16187
73635
3831
92131
53107
6257
96059
10029
76600
98268
63995
21726
64726
22137
75502
13368
54458
38544
22495
64590
29678
42775
764
68251
52611
36909
77277
6239
82197
50689
62294
36431
24128
56504
75224
63892
18157
77695
94435
48542
51722
29950
10429
42739
62420
37078
48163
76151
60335
87629
50429
4544
26582
63903
49504
35127
74957
19723
46930
98834
88842
19959
84675
14807
30207
36988
20546
13168
42178
1100
21610
23200
54843
28089
4571
2855
44340
74966
88490
70639
46630
33728
89619
2212
34613
84025
99072
38350
37772
96106
64949
12076
50400
79086
29223
62594
76533
54110
92503
14532
85935
73887
8980
24912
71058
9836
10369
75038
41244
42151
25183
18491
75840
9022
89634
38585
13086
64487
66397
99359
32679
97146
14699
21234
82259
11716
97014
5756
70523
23186
23231
35134
9760
86062
2126
96793
79392
19303
57850
87007
11721
30355
89187
8593
8588
57391
34224
1983
38989
11401
9523
43017
95853
83792
46661
86772
32105
8878
23297
46025
54608
2551
20366
92487
6561
98960
27053
57690
92355
40469
34777
43220
9194
2051
40056
47356
92232
44363
15578
99350
98249
21288
89014
64136
54330
6840
53125
31607
94059
76482
31935
6924
48342
50497
79494
4079
68206
21570
26138
51192
25647
78717
33753
46373
68055
30297
65641
54624
32014
61731
99441
86085
42927
20353
43987
65869
92588
88079
10324
6343
78819
58600
25882
58317
16576
33692
96622
13762
62937
96751
5155
81853
39552
23533
24425
22892
59065
56845
69918
82099
88716
24304
46276
47884
70328
57237
1765
96009
66756
90477
11811
77520
10526
99767
93064
71496
14289
66356
30205
3932
72254
27891
86642
84958
3011
55250
18600
63700
78402
16458
61878
66624
96811
53684
48519
70322
84606
10418
94650
72738
11249
75624
8990
40893
77940
51054
52493
39539
51356
8690
59947
7502
71804
60073
20823
70468
26483
49923
54393
84090
5049
92558
82822
3394
23526
66217
24796
15892
91520
38232
44074
47207
95757
12348
35364
95943
98298
33906
13905
53988
60821
12408
39832
68217
84886
26516
7475
84728
91565
19284
18828
36435
11020
86107
21704
95520
15621
91515
74995
16187
5546
11996
17952
54562
80555
87598
40653
86038
25811
65478
12287
45580
8731
89004
89267
90127
67275
6127
94609
18221
2032
92442
96261
39443
72038
75973
45444
74628
15589
23877
38362
53460
81197
19833
50871
17360
24191
65601
57123
48884
2994
38725
52038
37555
55416
48885
28768
97257
78728
38364
17663
70157
62322
11112
24146
57282
1645
30498
16467
72173
8907
90344
32469
53353
65098
53763
59879
72371
90026
92001
59091
87144
36338
66606
33586
35845
42330
52686
10071
47482
92390
44538
96454
53877
82502
16151
97555
33346
57259
87101
55658
96534
58174
17579
28662
89904
23046
73184
76834
14216
80777
51074
98730
28314
40249
45109
12227
89346
40708
95729
23038
83129
83363
39664
73202
91207
54819
83557
98249
92890
28554
36953
41883
56755
5225
20532
18960
59989
93972
21965
5507
40682
49830
77251
28327
50517
26488
96786
52453
88588
30185
72756
94476
24609
17022
42788
38104
89317
68155
95957
96652
96559
63112
40869
17337
28378
69194
78993
12920
9121
78530
78892
62288
78778
52454
45713
92187
60842
14297
18152
95734
53605
28584
43005
901
50894
12848
41490
90168
7068
80449
51602
15691
48727
96746
71554
85842
93623
10991
86063
95935
10379
62314
90224
5744
7548
79695
68067
73045
28432
99591
65116
9650
81518
53285
95775
7738
77504
88998
6523
22563
50895
81243
88796
67848
20804
75883
55730
12568
2690
88936
61141
31765
82801
94821
44080
3490
91470
95571
37010
30944
70894
92823
93283
56546
24620
30619
46284
52037
87295
78470
81628
83272
97822
97993
83910
52237
17121
62838
20835
95554
92643
79692
96141
97617
60683
19969
82305
6979
41492
83143
22532
46774
55021
18296
48533
88914
77784
10522
67319
46047
39475
92179
7910
63446
95159
94064
77843
83001
46641
48795
42750
77636
82892
50146
22385
62525
36564
29560
55509
4955
53805
52994
84141
86713
33883
81188
65804
28291
57839
24839
68266
60282
65161
29599
61422
16202
68027
18174
3866
78804
94131
24392
21348
46046
8413
385
95749
64462
24114
78923
79731
57085
29019
72980
89119
89259
37502
64898
52225
3313
32860
44267
13477
72174
34991
38186
75677
96276
72872
1959
87282
95465
57549
5338
42276
24692
74970
85218
2554
42665
82165
95041
39238
62745
48522
55239
97320
60089
70792
2368
81502
89225
13136
14940
91155
8709
18534
30973
8094
60337
48329
65210
33902
83901
95407
12434
85904
43486
60995
12549
45389
20124
36423
84824
27773
70930
96903
90936
79009
51365
90220
48834
14499
38795
44181
15132
25961
47767
69157
95651
67073
13224
11512
5761
18258
7621
34215
8950
63891
78786
5294
17555
27928
39163
40878
60655
28750
49524
95283
34842
13753
61363
8107
76899
41351
34080
75242
1742
1860
58170
53174
53865
22636
8714
76371
44390
23490
6226
56300
7199
79218
4649
6026
41282
4818
811
12244
74751
95638
43904
14310
77059
89955
38182
67901
89889
65668
68680
4354
31971
80558
70468
67840
2490
92302
95145
91252
82591
31948
90345
17971
34966
20108
29909
2193
79198
73506
27817
18227
12974
84154
81279
83085
53332
86483
55869
20552
49049
90692
74975
74411
14887
7319
26052
43364
24585
36816
10940
35572
44707
17514
1114
90440
36230
98123
69403
63958
96938
82058
59561
23050
67839
14493
70681
86521
26197
24957
79283
62511
35439
46770
27540
66047
10010
55509
15231
19846
582
1202
10170
87695
89900
47158
18021
97601
48520
2105
34137
60840
73386
91385
96001
77763
94313
68298
97916
59580
77427
55635
83254
1509
46932
13059
45157
33900
25290
99288
85545
63350
25698
69323
80692
80535
29776
6210
90558
44591
67783
90967
25515
42299
98761
90511
42496
65462
51431
99088
11488
88529
80135
22332
98810
31618
44154
42466
83156
82739
58513
34739
39112
61585
91108
99224
61114
14891
46847
96965
54310
36145
93851
23355
47905
14788
11816
48116
4573
99148
41943
9560
2681
71269
60832
88849
60848
81314
13282
44624
87621
42042
96191
71938
55770
63322
5940
48997
83039
80979
56211
35526
83874
22286
4735
18191
34534
6769
46166
42461
92254
52516
9942
52132
18518
87521
78303
11797
98236
85322
36689
2516
52477
70182
33460
44758
28187
47216
64902
35182
3978
86630
23562
4527
64830
321
72285
95932
29677
33572
8065
65560
14345
146
16254
77142
82416
957
93067
51055
91372
40020
96891
86269
49798
33719
85956
39791
64582
65343
38804
31928
47039
46163
68555
42622
62973
2863
97180
44765
79276
73814
71323
29270
56843
75240
16456
75555
91498
61581
91015
21635
22668
34095
11656
84845
61402
35727
55119
53179
69176
58182
74792
67269
59128
51387
35650
30319
7814
40872
39801
70000
25599
34609
21230
17810
66331
58670
14360
10543
70722
73878
94902
97071
73797
5738
71121
88830
81152
33040
5286
34050
61285
1759
41480
36811
38814
8305
89231
21549
88642
45665
62495
53138
27158
41938
21595
72348
87242
84763
86325
18221
70728
94144
43745
88127
52743
5468
87012
82106
82257
54426
41886
82308
50004
39819
96139
97552
27224
55429
98796
15396
64505
95563
46039
14836
36874
88187
18386
51776
21745
94819
71757
15551
82462
60970
98495
75656
10686
43241
22367
66146
46121
89078
21885
12951
34989
77833
98137
30488
33075
13888
88340
99843
53980
59459
16793
27587
43925
72351
82273
54507
4004
60203
58213
64549
69482
6818
65730
50998
24906
43081
64755
88662
61860
34709
53103
67569
98195
79996
6915
81912
46716
91574
89244
42590
9066
81728
94741
17460
85220
94074
87444
65438
65589
65454
96350
8711
17047
97935
82021
85168
88469
26581
41345
78671
93892
4939
5406
55735
35246
68585
67302
95447
32167
52220
68663
37211
30454
82324
12665
95270
63605
44606
76689
97200
57963
9596
27694
62944
87872
2004
73934
99912
90957
72767
97153
49657
17271
77172
31690
25581
81191
21655
86916
55261
44509
2875
47606
73634
94349
81632
91155
66258
91455
68449
27770
99925
46493
51215
36667
59827
47156
61640
42347
55531
13588
96160
86728
40419
6543
10256
84354
51172
99805
99613
82868
2524
92733
5337
28420
17771
33380
61773
90004
88589
85602
96029
92815
83354
39886
94217
73617
22974
68308
92694
8527
62295
57417
34602
99503
99718
36553
79525
8471
58652
67741
21755
37565
10719
41644
78732
69523
35128
99129
98477
39246
8418
65449
36487
81124
17136
46851
16211
74242
27585
11578
23516
32739
25836
22145
48992
17488
60899
78119
81891
65952
12989
93930
47357
1075
99485
8399
59905
4540
23128
2827
27861
14638
37757
63014
90972
27452
48238
35627
84312
32041
39240
58463
28076
95644
63654
87260
48182
4623
22446
20585
12823
39842
36612
97909
79088
58137
71436
92757
83983
99320
31906
83947
48659
20426
60566
49266
71208
38648
3802
7757
70572
76961
43007
42158
78858
36731
82186
86181
64026
8910
15704
654
85159
21296
6766
2921
58617
89295
42827
25217
42242
19913
61407
66353
37764
94793
11135
13727
90935
57334
43383
44558
31114
41672
80602
60633
33935
93375
69412
27641
27871
65274
4628
95296
92236
51291
69750
11909
66451
66701
3096
31322
75345
78351
61217
64957
53170
39213
39634
43756
75963
76140
78249
63865
4275
37815
8709
28955
54027
74110
91682
92199
67084
8940
77566
82851
22721
94672
11039
8409
24986
77917
92521
14074
11942
96828
70720
55771
84433
92085
58158
82135
18689
62951
83841
17285
16296
5530
82200
51636
5617
68671
67740
60137
63985
21059
91892
41911
58955
30200
54730
54237
90483
33163
24819
81392
78574
32113
56481
63796
37693
45888
71745
26223
68680
59937
25671
57782
21969
37739
65976
26621
87933
50141
84668
68933
94044
93206
21051
57255
29493
70603
82553
24407
64880
5029
68638
44078
54122
86623
32742
113
74499
31252
52896
24584
88210
19243
59688
39484
87104
86598
118
16752
37904
67945
64829
1549
19675
92917
66225
44366
94620
52793
15420
15625
58216
47850
5797
57608
86168
72407
5266
32059
40940
67752
87611
57404
93189
88982
10439
3031
80031
32851
32915
79439
62513
8246
18657
64578
37272
85475
13498
51804
96479
9666
8975
1641
97043
168
54962
71033
388
99296
85679
23448
98039
83036
32477
20095
85515
69393
14816
15050
99332
34937
81063
85666
27548
58518
94068
86578
42101
40007
45279
1076
87725
92925
46195
49626
17296
44231
65545
75538
50434
78771
3689
41970
20026
81585
60926
76441
29780
43534
49972
51613
46205
57859
85253
62867
42342
35976
42257
70168
44035
44104
98660
8184
29513
78882
4779
23522
30943
73930
85
39399
885
41919
49472
37222
58400
415
1327
1804
76308
68466
59903
2284
87527
38016
50424
24587
32167
19713
98506
5756
15290
82214
34867
97211
61421
26592
69867
69570
48046
25240
92948
22008
4830
93706
21546
90136
89878
17884
25939
2901
78952
2212
96827
57014
66323
82520
35349
34658
50632
1689
2491
38692
35456
22422
24446
52510
46582
60099
68743
28582
69408
44944
17852
63716
52107
74563
2078
69300
59857
28270
49863
2063
94208
18317
91856
87274
9513
84292
57337
45114
83353
60297
20290
759
90632
51337
34846
64242
81136
73701
61656
53909
48982
85197
19906
72654
13578
56786
52619
51811
18108
86824
56316
20581
68080
33774
99411
8611
9817
99397
77531
84948
17841
67297
15423
1861
93205
47346
41133
19240
25042
21229
5598
45487
30582
10518
82080
29591
85920
98967
59319
99134
28531
76865
29221
35160
72179
56778
97581
88584
54755
59776
7934
19152
66716
90228
65147
40876
92279
34604
72162
64730
294
18731
29941
49734
92870
76615
84663
84781
39351
95622
70065
26809
88618
30497
21051
89860
78057
73954
7098
49720
91892
59532
84509
142
25639
19421
90654
68096
18718
13039
94051
50666
85362
94326
7689
2038
1192
23680
86858
18091
77283
61930
86763
74162
66742
39326
95279
98850
68242
58676
19148
98820
79759
3012
214
96852
84626
89521
39666
59856
69093
29343
38094
1532
39329
29801
19148
77564
81969
48889
13802
36934
11984
21422
53588
31508
27336
25713
43649
89569
10931
55303
15486
5732
95514
50455
51726
85521
38172
93709
77295
38810
18953
87567
29368
88526
59366
26156
17007
52254
48050
64600
34160
72849
7696
45746
73207
84742
27755
17558
54925
74343
97020
59933
293
15398
34879
26883
50077
36463
94191
32406
82530
61478
88036
838
70317
21504
29024
59800
66140
33784
69112
71876
68036
49382
49275
19569
38095
69313
61303
57768
71057
93181
85850
52130
59215
85016
25988
76432
96042
74453
73488
40362
93248
64497
23622
71364
62674
93309
5162
65525
28672
94890
44945
10156
37049
71972
92685
27242
65495
94270
70654
60930
52330
87891
80526
20185
48327
5359
65218
84728
30086
37725
6343
40121
33026
18564
74541
8217
43283
7934
86019
5953
31351
63828
69116
1381
4930
105
69753
89196
62721
60879
22731
65832
55805
74691
67292
94864
17960
80556
80488
41555
7371
85774
47552
12322
75349
87960
69351
48165
99134
22676
82479
88762
97658
80557
87005
20441
88338
33026
79535
7476
85722
29831
91115
48631
50733
96030
70661
50816
29841
65374
28086
68830
946
67884
46988
67719
6363
81096
20916
11084
32672
53588
39214
64880
57868
52915
43255
8921
67588
55639
60000
8375
41678
58616
83334
1078
86464
91517
68820
90587
94452
9150
98826
83333
8008
66897
65791
4139
11930
84823
86524
89357
6174
20302
33056
67037
13881
21092
63314
51690
94608
45773
92433
38515
10475
74928
64187
79921
56920
78796
40765
2568
25628
70155
60847
87378
64511
3086
12994
20442
95386
5439
3529
87683
15948
70106
13738
29323
41814
82457
11377
46961
58271
83993
33374
32244
30320
95944
51851
14176
26606
49589
28273
41021
74788
60450
24920
66129
81985
43385
50212
31428
80838
70780
42537
3205
53733
55391
18410
4079
76980
89759
81869
21547
31978
22339
17731
46018
42138
82358
73625
75218
1180
78360
48487
157
30229
25129
16839
30437
1741
12693
80945
78023
283
40089
92155
21500
41665
85042
99364
7971
37400
69604
92792
28148
51132
80497
49819
72566
1762
34614
65468
85946
37186
70025
59607
76508
67800
49891
5898
2130
34030
56992
34677
43102
49795
84716
61393
25675
84017
74830
50116
49789
9822
24944
82698
2990
41689
22300
13180
72919
47179
28349
20749
90062
99028
48876
23769
18839
57542
64358
55865
80950
7735
69301
27250
42917
78521
46254
53586
57151
38958
34222
96051
2554
23644
26010
26812
11810
39355
71857
16237
89486
93733
78077
36060
55358
12748
70550
38976
91986
22166
14438
32706
90776
98252
90723
93368
42533
29936
60443
53201
35646
73355
61725
33726
71919
89955
67561
73351
30965
78808
33200
58713
84179
60440
11105
79067
35846
60083
11748
75033
50159
8925
29127
41706
45696
81597
48119
7452
52982
45311
28784
88545
82658
89273
25242
4547
34949
97288
40110
23227
33758
16520
64304
61291
11454
48772
16904
93905
9876
47377
13531
83777
27296
22938
57136
12027
75136
37638
61937
26246
79598
59929
81561
40023
26389
51180
54832
74732
51513
71907
67752
89338
61212
73167
26936
22634
4096
51257
66493
51945
7863
58472
76091
47537
68466
6228
3999
15801
93251
62484
51051
92779
82015
34467
67943
24900
90524
52389
73902
26273
51971
35626
3082
87181
11107
15737
99679
63760
27495
33761
32654
61779
11789
73314
84833
79512
43041
9066
65183
55119
99657
8757
48003
38298
83501
56775
63215
45871
77334
16947
98733
13275
21852
56988
68648
48659
1111
92242
58559
60675
95967
83425
43892
46004
27363
20640
77309
16700
80480
3507
53198
87171
68961
51754
72472
25684
67172
78840
83281
97529
12190
27604
50625
56367
98498
1909
10344
14734
24093
33283
4187
77451
45551
52187
98672
94054
96860
251
36230
29328
84643
60081
48429
56174
559
29771
53667
72921
7350
27047
11607
57351
340
170
44156
61424
43585
6819
17599
81676
28159
76603
67800
87837
56673
19693
94101
76076
45917
47280
38027
3576
11325
96144
21063
40165
45465
31167
25693
70703
20483
89825
71621
64415
70059
35190
2719
66397
34705
26916
97063
4989
66158
46285
88528
54170
34250
74020
3144
93620
97552
8283
13163
84272
3932
4219
72337
82857
36842
41827
30830
28250
92613
43057
40127
50167
97687
58306
33184
592
18888
59749
69258
79839
44126
14976
56546
84190
12180
14405
32523
84828
93114
86007
85597
51204
52289
98546
41803
63967
81317
21444
29048
1955
77949
84775
35916
28021
7766
64999
34452
43564
43319
56023
14956
381
46106
35927
53033
27802
32776
72822
80647
34186
35729
21789
18762
7805
53884
63945
32408
22550
25594
18750
31420
13546
51241
1642
10448
18628
9068
87635
64220
94078
70436
2680
48350
11068
60441
12676
76128
94968
56779
16927
52007
40316
78303
69296
90824
84979
91090
28750
63682
31013
41575
28543
65502
2861
21432
88196
61899
41953
66991
36224
15654
21416
78145
16278
71729
70308
98074
54265
13874
71341
19938
1899
4250
15595
19207
94803
39330
86975
22305
29067
31166
12832
70109
1719
90844
72277
60505
90684
24779
49906
97967
1862
78426
69543
90250
29148
22857
83085
81987
40917
4143
82910
51377
68593
34700
30715
19331
17520
73246
56236
54725
39488
95523
20137
50202
49418
75047
49382
81938
35440
53004
75752
13737
6562
36082
96059
26583
80356
94992
67325
6958
31287
21419
60467
36506
31925
17089
9568
69218
9604
73427
77986
13380
93834
83123
55082
27880
21644
82324
54120
94861
36358
20751
80624
95113
92125
64263
24371
12127
44077
51795
66642
10671
2004
30538
80273
35362
45416
86001
85464
83205
53766
86390
18221
77276
23273
50596
56514
30165
74357
15621
42456
97027
67162
69629
77251
81153
8358
46144
39590
98778
40503
34911
74433
17730
37343
91930
97919
23005
80107
68888
73088
10464
8323
52670
48582
52462
96542
64433
52289
11107
73111
59093
55830
15639
63424
28272
91754
13658
92424
51459
86699
21223
32782
21350
89515
64796
77920
53978
2750
17073
40514
10868
48278
8808
75819
49650
938
89242
91321
87704
89036
92435
36096
32602
16964
21179
69754
11299
70921
99525
11798
72308
83022
2669
96297
45466
93344
56218
86020
89965
47345
5764
72355
12293
52220
24866
99789
12791
52384
41254
97485
16196
48292
44446
27149
1159
62156
13791
61273
5553
13444
64057
67537
68390
19465
56631
87065
2144
17944
91425
69431
77587
32892
49561
89045
62828
33743
99306
74671
66871
71030
15290
94024
41609
69735
4130
31534
21636
79569
38918
92172
46957
84809
84422
98082
16650
20874
602
85202
20239
21167
70368
8658
53877
65099
89834
33720
37263
92041
68843
55799
39077
7858
36210
98913
48052
40498
23997
14395
596
44490
58844
80350
6251
82872
39938
89924
15958
46240
58425
4710
80398
28526
51722
88439
13729
99179
47840
49041
21992
11010
44642
43933
78839
58086
25625
22956
44809
78084
99755
52305
94578
74586
71354
59848
93910
27314
6583
60241
90876
35934
1801
16380
39494
45294
86568
86273
85296
55378
30956
39073
41339
92035
17245
43269
30438
92831
98403
37436
73322
53232
21304
7404
48697
89329
58111
68264
97107
24454
2595
57159
23032
74875
54117
71193
53840
62243
24833
88691
55749
40535
58413
55578
10617
21616
49205
92350
28105
56418
5844
87657
79643
22335
89840
27429
82325
14797
73740
51817
44715
98567
12197
41844
69734
6673
3505
31621
16159
81450
51745
34005
97479
93031
17012
3597
67723
78545
3601
45573
13759
65335
84487
90909
80666
17630
99303
67966
79656
58011
15653
20318
24622
77267
91720
30055
73683
3341
72499
22274
76206
2487
65283
91204
75962
82341
4249
8516
64167
95324
55999
15466
65973
26723
56262
47179
25053
17517
49967
72153
53256
61930
84682
26836
42815
37856
19199
55654
8978
92571
93557
49036
82025
60542
3810
36768
39738
59119
5463
93083
74105
3243
26316
10716
84736
58989
19589
71769
39476
86109
25830
15391
22063
85485
10300
8505
30960
43990
91521
53398
22077
59464
91453
46163
99398
46756
90794
35424
92811
6512
73490
29678
52357
64797
55965
41921
77463
91047
1073
15405
71599
46804
62088
45003
31859
26032
68994
47438
23257
91711
7728
57742
52302
9875
18464
60096
78137
84622
233
87765
59477
43723
93708
95648
43626
65314
36604
82140
64413
16962
20579
82464
66164
65374
2465
85265
22714
54437
58733
66029
82361
59372
38108
29367
11599
43199
48097
38563
26239
94384
95435
32414
70554
76918
4380
97859
63840
48464
10690
85405
85891
13638
8239
64441
89369
94520
55429
31829
27116
33877
61648
32245
16131
62635
96126
17805
89214
27999
14069
92513
88126
93194
4947
5510
98388
20764
87615
60967
71329
38178
3797
95495
9837
29456
21229
95545
72335
78432
50089
9587
79411
67087
4646
37694
86640
26400
36519
63998
99854
3978
45709
55593
78483
51187
16878
76924
29010
32890
47972
53927
52514
92778
40348
68983
14540
22293
91079
13698
56138
63534
96908
32780
54750
49645
61805
89208
86491
98169
73531
26196
25180
39891
97141
97650
35420
25737
15501
20908
77716
24625
98568
54517
13769
17055
64104
16105
51366
35310
3230
81440
72553
3803
63431
55847
62420
13949
31917
27037
11960
37626
95400
14254
64397
40099
60715
14025
45180
449
18555
58383
60403
73817
16485
76948
80484
36942
3654
14079
42186
49290
65707
7467
84604
57159
99901
56859
2772
58848
53540
9448
69587
99062
78921
63255
54274
57998
75857
71721
20530
93918
70308
64155
7041
94180
64020
90963
4399
88481
58421
85595
3194
5693
67835
3619
31318
56392
68894
398
70846
98687
23595
329
7380
1293
9904
75578
40107
30735
57941
40264
6387
63443
35755
94184
29600
45534
28972
64223
10146
78802
97226
58892
82368
35512
21415
23914
79633
59293
86182
38704
92137
54833
75316
94561
94088
14883
8600
3372
35268
26344
81436
46109
49717
46222
26162
44290
41632
40138
50777
32520
50385
46507
97802
76572
66973
57906
57476
84715
82606
60965
66505
23067
4344
60263
53861
17784
44866
84122
2719
15780
46951
96072
51170
23577
48710
37505
37432
33215
39034
41091
42952
91695
93886
3313
54034
93897
85981
9249
9764
27664
31148
39022
36318
98751
62911
47221
44213
26990
62606
95966
78010
23753
8680
84380
29356
88959
70604
83738
88352
85776
75233
36854
28487
2462
53980
25350
88708
38439
20887
10932
9372
93113
15441
61940
60429
50652
73218
89420
25482
16058
3378
27862
95155
75211
96242
36832
45106
49123
73544
82095
16070
25062
16239
74488
54193
50507
17202
26420
85317
75335
65788
79706
63853
61536
55297
72689
87305
21028
35114
16617
1243
64201
16574
56108
1328
4803
8088
27008
51847
53798
79839
43314
45919
93531
39697
40943
91159
55069
2910
87509
84354
70193
95480
82444
15443
67748
33381
9958
8676
13167
40906
97830
2177
94336
6056
95169
44232
22774
93126
28846
95703
36591
77640
47402
88963
44932
17499
23149
62089
3426
1460
15585
3135
71649
56109
68022
35924
13203
24939
20938
57895
29711
91351
40431
7769
41994
18436
9502
31606
43938
2272
98603
95686
4917
84623
75851
21143
41854
47171
53662
4388
4693
555
93278
44645
67117
45194
15344
58783
99159
94625
70732
45867
65935
35603
82114
17356
35808
95318
6384
93363
91321
79682
68355
27849
11888
90833
31623
60979
57538
90847
29918
26419
49985
89076
63468
67137
74263
43366
88901
24461
19249
78201
50358
2654
57436
5953
92993
30805
41455
21749
85214
82889
137
56709
9504
14766
56434
19547
3271
6769
65488
80648
40196
65940
1097
22326
35016
34766
41027
2363
48932
56647
11279
25262
50214
23525
93637
71772
73085
67432
40871
75317
50905
24700
43190
7292
18125
14485
1753
64836
53787
27409
41980
84348
76981
1683
74227
5539
72961
25882
71990
15348
68250
85770
14969
49305
56215
75294
92722
33268
94334
38558
43553
28571
28523
60318
94
27970
11119
49354
38823
68551
10814
29275
83185
71752
59483
39976
84604
13361
10666
15885
3639
78501
93149
52543
58686
2060
80927
80835
21125
87083
7736
62595
28076
81823
27996
6774
46308
77973
95673
19094
8125
5602
54789
64076
70061
55451
70582
15633
10327
46028
17528
1355
35677
77135
23666
28529
50250
5079
47895
88489
67360
67821
58416
79301
45045
10938
747
36622
17813
5129
23509
38220
80386
11440
72909
78083
39019
64081
29008
71740
22368
3909
57938
87595
37400
6749
74032
10572
95076
7115
4621
69317
33813
59901
41926
84811
53202
80739
62345
43830
57181
33506
68728
55770
70532
84522
17232
1461
11060
61282
62460
10852
46801
66678
52105
50468
16091
37732
66527
34023
78831
53498
54917
89706
31736
9853
54603
20346
91418
59289
4160
23047
55270
59136
9468
53602
1251
47814
79641
17266
66920
6778
48989
26908
70476
17346
15787
16104
88216
15678
24684
32449
7334
723
31053
32012
92981
58401
58609
78815
35077
43486
7062
89871
73056
37941
81135
49148
79718
2078
91369
70977
12224
54446
98430
54618
8079
57229
26246
37134
34631
32704
25480
1692
34345
65467
61218
17258
57447
27932
63619
24881
39604
96737
68640
82138
49868
71573
77520
66625
29569
45262
72884
62577
74931
28086
6880
65295
80302
19194
40936
89485
37501
56264
28949
3179
99949
5226
92308
48429
17869
56386
82360
14782
49211
61546
5230
27661
21271
64765
3649
25061
89836
22099
60804
38847
48076
34154
64976
38084
95071
37566
70183
84724
51202
29376
29453
92829
55661
12443
56615
43876
7458
58977
76235
17877
74840
2040
22437
66600
74850
94254
15572
43124
72428
92633
96159
52890
92221
62544
11670
30535
42396
21592
17597
76385
78465
66101
32628
2181
57665
77183
19102
84197
60505
20419
62822
25400
47794
64033
17185
32762
95595
37638
19540
25569
38210
44536
89552
34105
57729
92106
31175
83227
20758
41982
9022
38927
96582
67298
67408
69488
39107
96825
65802
3154
24991
93165
88998
67421
75878
675
47625
66340
84828
66540
24022
33081
64800
29017
53286
42571
16906
28116
92806
18814
95726
68163
21091
69731
84617
13026
9994
51338
43892
15566
12089
76989
4236
42847
29174
89981
75795
41138
42372
45803
63655
93474
8539
84085
17891
8901
64427
40494
76293
33692
34053
53444
68976
8922
50465
95281
49168
94137
66180
53923
63663
57494
79007
32886
92083
81152
5146
28515
17408
95746
50161
86980
44838
74991
69741
95876
72426
57046
17434
43715
83345
88836
36204
4695
60580
63191
50418
60452
13111
73059
72111
8536
67390
66200
34161
78783
3566
34109
61467
23329
35937
77400
90485
84781
6226
57525
77818
30147
46818
79896
40218
82171
76837
10285
25622
17376
61350
41926
29950
52689
70473
33222
51116
97952
99083
48270
96901
8733
2693
97412
54440
4500
80444
79867
93699
31537
10974
2398
58673
77774
43928
31501
58314
54232
24047
93144
62389
83983
46956
52779
35535
54766
14929
23385
20885
97684
84560
22335
41824
64356
76665
11232
57892
21035
35014
12126
83690
24014
83591
89475
43091
62249
19235
64013
76681
91136
43800
28563
98333
62988
61532
26025
24268
64575
81999
90544
70217
51709
56789
76644
63866
73247
82934
3438
90382
75123
36130
80844
18269
36887
79555
10317
94257
71335
33703
69452
98972
71804
5041
47395
97322
79903
83394
22882
21668
72903
5471
45479
89141
15807
49907
51123
26731
3745
16533
25666
15868
44282
27909
91486
2616
67339
79153
66871
38089
82305
74307
11566
44308
88618
66877
64491
2551
37059
97186
92643
74494
4117
41100
98100
19131
77976
53340
9435
6304
26814
85909
81971
90470
67402
44586
67456
63562
42836
13436
96514
3042
24795
69291
40842
46591
15418
12472
15535
68058
25733
23232
17086
80840
99539
17293
83748
44699
48237
22007
47845
9888
14631
89602
37178
5700
40307
74058
30078
22907
14222
51234
81087
22304
91561
3048
92154
47344
33250
88916
52074
67557
78346
706
90628
37139
94055
54970
22653
12855
62350
23442
60784
76158
41356
48460
5163
43105
60844
63998
46073
59934
97329
30492
29145
58339
22313
83240
89141
93328
86961
49763
66286
36884
15749
97792
7092
69787
52381
77
40335
48548
8544
59476
4560
80574
14889
15833
33910
39120
1966
66241
75932
34514
43336
67104
80176
70770
34122
16708
10640
76026
54955
77724
21365
59628
92374
43948
22369
34102
82430
72930
39132
10075
65012
38637
51593
13488
95639
62926
38239
80175
37300
96007
28625
2901
17354
39081
17173
68688
94934
38552
55892
92070
72911
15171
13681
19223
59568
98285
90270
28308
56449
8230
24515
70585
30666
39478
20235
87222
84171
8594
88182
34340
74675
41550
74878
52443
46718
91923
15107
57765
83839
85
58637
85584
81288
56125
60598
90651
6763
56199
39777
29955
23598
30652
87857
35348
12360
88709
17284
82364
46034
7770
83251
13271
58598
81806
4948
92145
32124
7753
6246
92387
93204
77263
34664
67179
64881
55387
54691
34195
66651
48052
850
67367
50761
77564
48794
56128
38296
47898
83186
38035
35962
72658
75942
82698
93444
49312
8307
87834
59078
99686
79120
89487
80938
49792
84257
45991
98835
15362
35552
24103
36249
28888
19115
91598
61888
49538
27175
31568
34570
5297
18272
96863
72194
41722
2625
7345
94640
19581
42361
61684
26994
96319
17643
18661
73415
74698
28553
11581
15582
16656
19027
52420
8137
3066
82774
37420
34215
57249
83639
42843
1660
26693
17506
4791
80584
50046
42190
78966
42219
72899
99064
39298
47867
2046
91388
63111
92660
18863
89347
11510
34240
62194
17834
7816
58651
19433
42406
72455
58723
53025
29346
26432
23916
56370
32929
7197
16343
78032
15973
67718
20569
94819
26167
62629
44680
4097
3826
13692
64316
68361
18504
80646
67911
74320
989
61484
23244
81686
18829
46559
67962
93569
51891
72782
81293
49963
80911
44422
57782
13946
36451
29218
80989
97834
42500
90798
941
74782
31938
91542
11755
40833
71983
65512
65235
95510
18965
11664
65395
75881
35654
82569
55044
84682
20734
96838
31434
97347
78544
50155
89628
59734
51271
95164
92203
15395
71633
2625
19086
73172
15675
7813
47853
37370
96564
52178
31247
25860
35505
39500
51742
67755
77940
87282
37591
76878
60951
92791
90484
30855
4941
51515
24430
97972
15258
55188
37596
90103
52338
11152
77062
10207
18395
54838
14722
89759
86846
17236
22456
34368
32421
46447
58148
21982
23733
21291
62375
95386
70474
67948
72854
68804
24358
66750
46193
4786
23525
81849
74561
68113
14042
16835
78259
70057
34129
98073
79360
46799
19016
69342
85475
96854
79924
69033
89577
53527
87100
48811
3333
57214
6632
24259
59127
53490
91456
61297
71131
27172
40822
66578
60895
46126
27218
79481
1030
3151
22255
99980
8292
74200
33924
21791
7650
33958
13807
55514
63952
57950
17957
61348
11043
29268
45400
18235
66293
61527
48218
65774
39085
26773
402
42772
48530
49277
52279
45926
62860
60244
5017
23678
75579
68796
88076
93366
959
21657
1169
13319
69373
96793
37459
91338
3443
9825
94973
1639
79839
36047
27712
7682
53868
50328
83327
3301
62681
94337
89100
19412
46447
33703
55468
79226
74494
56302
62621
16664
5764
97248
93760
19562
89058
86352
94326
47915
76015
46972
73883
98659
52900
60841
75629
86574
73660
55304
22094
14060
10026
44464
49721
93878
56676
9189
59827
90874
65310
31997
8257
37336
93734
3307
36698
47092
18598
98928
7184
83302
97131
58739
26472
45780
42076
95461
75295
18611
93381
61374
56285
50198
61031
64951
92612
5160
92505
56392
10229
56233
65819
99116
61361
42844
61595
35273
83585
52085
39995
43246
63346
16949
6711
24737
48054
13483
98192
30724
15770
87507
4497
47562
67288
60000
62380
92379
41948
46154
15421
57193
61705
91515
80237
55240
57230
41694
85615
57790
36706
54302
45422
57046
21235
8511
57479
82627
24020
94315
6530
88847
40556
18466
14318
678
96991
94089
83976
64440
42798
44284
10980
81010
29459
25943
31389
38229
11192
68608
14339
78343
94432
61500
74185
44560
23952
29020
14804
33525
90649
55998
23349
42970
51713
85631
58925
41978
80955
48177
45687
98121
74122
49991
63527
1318
72307
54502
57876
60902
411
14727
3266
24513
40666
26020
21907
23122
22340
44039
81173
71511
39285
73629
57537
7623
19044
87839
87513
3855
97010
88191
4419
88124
67437
66204
72153
38097
82193
87559
99596
11631
23246
41850
81500
33981
66189
82706
41557
41784
19275
78474
10882
45600
32446
28937
94571
50887
71457
10413
478
23004
19667
5108
16139
8545
43869
16639
46793
30286
68361
9332
6264
33108
63729
95808
32418
35547
90939
30318
55150
97334
20954
17606
83848
27870
66256
29364
9833
182
12372
82337
49601
97485
79585
81314
42547
46635
81163
40829
21324
27292
39844
43689
23448
49427
86650
4481
74002
42222
10627
42779
66093
25162
94981
18624
43133
89280
91880
60659
30454
11178
26206
84577
28354
83927
35537
1047
73445
35911
6178
31279
70689
72380
48367
69922
8799
20865
59557
35594
23124
44493
29955
13437
93670
85832
97049
45011
32175
2543
78133
63206
22196
68117
44575
75320
57115
38641
86171
79220
78663
44396
36934
91350
76997
47848
85658
35120
60235
99304
61122
31720
79876
26485
26951
71242
80745
35587
48539
60058
6936
23699
90588
90501
53588
627
90494
67491
19230
45519
92477
11829
17678
47445
41128
79558
68500
43714
53933
40455
40045
21367
65845
59515
603
98438
60593
28780
7959
82648
21121
73073
22408
80919
39053
15516
29132
10656
88566
32147
68580
3372
37465
55829
96041
26938
70745
31703
61847
68890
96359
65620
22925
49894
18462
73933
54351
78707
63417
86948
64146
54606
2658
57955
1402
40813
50124
25781
12033
16753
51762
21162
48983
30925
15905
67328
42938
69776
42701
57612
22889
46399
18148
14181
99684
56717
66496
73632
15342
50929
57821
17297
38043
56809
6047
85528
88734
9300
37757
10948
58922
72711
25943
18342
57855
927
78225
23279
67114
34037
64100
30744
77727
89141
79448
38951
55683
93125
87914
95086
14987
68673
72491
93198
59973
67151
803
79917
73093
46454
71256
11269
96413
88948
370
58980
48300
96323
37759
83427
31664
82035
23368
46246
29938
38041
90872
34148
35406
78397
86278
95244
3258
22741
69906
49093
57803
23170
32007
98955
9974
98231
38786
69509
14693
7361
29847
82431
45458
19864
68742
62000
23700
46666
87689
69502
61711
94894
66529
37290
67894
57432
42561
37503
33247
30994
23609
36639
66907
82531
20995
38120
27158
46735
32871
3994
80752
35617
64872
13762
2816
59523
80913
86599
63814
16604
47802
22506
18483
89751
18167
17479
33450
12299
66359
34869
74549
36439
40591
82635
62031
78773
56437
56270
76370
26180
43798
20600
53673
22692
74075
42111
46518
56934
63832
62451
83669
59241
74152
55525
45988
60693
10475
30959
83890
39135
88443
37971
24433
42618
37062
90134
51860
68089
75466
46326
7168
64138
32558
15383
63799
84000
60369
85969
74885
71151
38418
61797
32568
7388
21496
48305
77545
14779
58258
52946
12644
73779
57970
11332
68737
38805
61258
12207
16490
52341
86806
18023
40765
83460
57069
3034
6287
7797
26039
66779
470
93954
44849
39031
41740
93550
56307
24638
94301
42436
51769
3918
34480
46630
63100
27106
48813
49573
52520
45602
61124
8086
98597
13507
6500
53869
67242
96035
84616
79778
52918
69590
88587
58958
6196
63939
49562
43045
68009
20597
17066
23625
88579
96620
24095
26659
14845
8379
45209
8113
33019
5193
41177
45033
58557
16573
95382
41065
20633
64909
73694
38570
71222
69008
25857
87416
75743
54677
36468
71030
47966
12943
65977
33980
11032
78525
21607
88726
82644
93082
54200
80466
34530
59334
78487
3867
11748
65874
35871
88628
33055
49304
95574
49586
57346
50589
30933
38280
18475
383
18332
97814
99815
78544
40172
61104
39250
83114
24842
25438
59955
77790
73336
73174
84165
75970
69598
99712
67242
86366
41546
61098
58326
91720
79107
39538
17248
88354
53453
60872
2485
87287
1541
51575
90485
6267
30528
96289
64976
11177
81273
62867
20620
49178
15789
86472
95053
65301
39601
33247
50708
23639
16868
5859
92988
50410
43949
45768
66490
65291
13462
57845
77394
6616
1092
6487
78932
5780
42828
69496
51485
55065
8432
87161
63131
94632
73678
18710
40253
20549
61164
15236
91821
89894
50005
93837
17496
66131
28537
29949
18003
85335
50138
19704
8541
30679
24527
96577
91884
3368
11150
50910
15237
47964
30646
34834
43099
96392
47374
71981
53158
15057
58616
95889
67047
3610
97429
76211
52904
74356
60990
43899
11990
5439
13391
3839
26567
893
38890
52979
85456
37695
78620
45243
63444
79977
96504
22101
8784
13526
3649
83058
20305
74223
47152
65644
22338
51930
79711
61659
13630
53531
31591
23603
98444
60356
36741
41198
99435
61489
53578
65221
80610
10896
69619
2755
32143
16457
7246
20030
30932
73396
51303
6337
20939
67004
49854
38329
75364
48997
35867
14938
44103
26368
83083
34097
19854
16778
97638
19034
43471
71230
25832
50566
77950
4836
19887
7107
67760
62897
5369
54216
57214
50776
40493
94688
68688
81901
25629
42264
63220
18213
76003
38895
22857
29435
79097
65979
58146
39928
2342
76761
75784
60586
44129
48267
77834
33177
7161
23833
21198
27586
95306
12393
43711
27227
17947
83646
26186
98847
55902
98033
45395
60302
92479
96879
61166
9195
66808
97893
2778
43466
78186
29180
83506
8270
94303
27103
42862
45228
80467
10331
50127
13844
83318
23188
40614
38404
95743
77693
63771
89568
69345
84137
83720
14618
98807
17836
70161
49251
5706
25846
30604
49589
55604
4770
67417
56106
8315
17311
37499
19393
82387
82092
23999
89386
6305
54335
10626
45840
37074
19452
43958
60108
88184
81107
22388
54131
67302
55108
41557
21340
35164
2900
48360
12829
63941
51510
91355
18272
34839
50876
99216
34846
20271
70824
10018
74224
62709
45214
96770
96704
27875
67303
49293
52047
21773
56057
98050
81297
93561
3184
48322
12936
55304
61854
98540
67544
54634
73587
32954
447
92596
79506
81368
54836
83024
79268
66641
51921
24800
66923
49484
28897
68845
89426
33254
77862
13891
90577
65490
87858
41516
17552
26945
37640
84551
92735
60112
68175
5979
64954
196
54656
149
7814
79777
66743
12506
12614
21641
73677
7951
96902
99298
85670
95845
3712
90393
78549
35089
80409
42758
79650
38516
31795
7017
41063
15153
6589
18053
24239
87279
46161
35501
61576
31782
10952
12650
64775
94959
28033
16028
30930
19454
93430
27748
30335
55744
62414
29414
45624
56987
93927
99675
28972
66840
88865
63692
96713
18363
64665
24537
88338
81668
654
56181
86926
26022
64545
74157
60049
8963
12715
49305
74197
82782
26345
99004
90565
79612
66788
70581
94998
54928
77420
34173
74475
57072
23308
71617
30442
24774
79162
30663
78054
95606
73115
7534
83334
35684
66751
35136
57289
73638
40841
22426
29335
30318
27132
21146
17958
72620
37541
93441
92708
52947
78717
87089
69997
7135
13167
45691
23688
94919
69142
2017
81652
49927
54390
97220
30268
63761
94046
65033
19884
68351
53120
97884
62072
57308
32337
61539
95106
99721
29080
8308
89965
72950
39085
46289
87576
95026
13009
7196
39721
59444
68262
76357
81480
28401
5145
31112
37289
70060
80965
31731
17065
23146
29838
69898
76378
57820
19579
9440
7412
6152
62194
22774
55229
60184
46899
77999
50145
6301
14889
42519
45272
41914
88165
1829
90038
76084
54487
31712
71733
98357
42179
16144
80761
5427
50204
59645
78831
70153
18354
53043
17359
80923
96837
40916
77045
3245
5075
73595
57710
7990
10516
10561
78322
38615
65243
19816
68624
50450
57864
60886
61985
66776
40871
49478
37545
77755
23534
43260
36375
89309
54688
58523
34481
28282
11710
88630
5462
38692
27885
89882
32371
65496
38945
68233
36153
7683
63841
43992
12696
89361
62096
58551
96774
34765
93964
75699
11976
91197
12244
88659
14660
99677
96291
165
30068
18669
59777
46685
96186
26757
73622
72215
1284
25497
68214
90483
54884
69875
88024
74418
43213
68368
23988
79965
88682
65856
61878
37739
90045
67966
85802
4712
16163
74445
73297
40991
23528
45988
34522
63588
16260
44932
1118
85858
48594
9638
20087
43516
48257
73557
47829
56327
25913
51388
77355
24376
48213
52036
50569
31482
1632
90632
39270
99807
51872
44985
2991
6089
18118
77714
91576
45181
65275
56029
25830
93309
69813
1467
68673
27408
26662
16757
55353
41891
48950
11796
53969
60022
7902
48121
84886
86409
59577
41405
72295
98656
68685
8519
7314
63692
32557
15764
26996
53749
22942
56574
58059
72625
12097
22644
79890
45169
1051
24857
42789
74139
33297
27902
57787
31967
10770
43845
30121
87853
23346
64472
76155
55966
73761
99375
91832
37982
70035
72049
14071
84940
23217
88455
32269
31442
61441
90187
77541
94457
41595
81111
63138
3030
8722
73079
74017
37388
52387
23710
81726
15632
83310
44004
12812
36178
73257
5748
58548
46213
81808
8307
71346
20117
53123
57901
80459
29428
38027
26330
8718
66437
80194
1749
95795
41212
52355
67137
15266
70754
42100
62903
48973
61188
66553
67227
98996
6220
14267
25001
96188
1139
76688
49216
34114
98165
33610
45973
18781
93946
20562
31168
1414
49636
38889
93250
40946
42866
54523
75409
55558
85889
61236
24553
59852
14601
6955
65487
60006
94907
82014
64965
4308
64735
9073
43844
42726
93385
72493
34576
11942
21162
73905
11573
69687
58072
99542
52606
99659
97725
45568
16741
80771
15128
9032
34724
86057
5974
43329
34110
94511
44573
24263
85295
3889
17493
60453
52687
69722
65746
27877
39246
74617
34918
41279
49564
86405
4124
97050
14255
50419
76046
3439
57722
81819
4690
74260
29884
64769
42061
44388
97779
36360
21179
85461
94541
42247
51111
3442
88161
2748
10904
66631
84657
50991
99150
64819
80856
97502
40848
81631
81516
78465
19079
73921
33312
77572
41288
18011
32330
8762
25394
64575
12959
40215
45506
25872
13861
50556
67788
54911
95697
75985
38456
37461
35558
97476
39976
44442
44529
44654
25360
12955
79729
90859
40388
63131
56427
37594
48234
20765
62610
66326
47751
48179
81510
3914
88803
95764
19672
32362
42904
19971
25441
49539
68747
96110
56887
55690
56568
98045
75037
317
4233
45701
82118
48769
3701
5344
28162
4308
648
62894
28251
96057
72478
93277
25493
51296
48755
22859
64015
24179
62564
79676
14569
60404
4646
56297
81209
21215
13927
33992
38211
65191
40462
8213
40042
59331
99591
28100
92796
75207
23252
22842
52946
64080
77155
78931
91891
84538
79657
60879
76433
94747
33025
13149
10873
70014
56005
23763
34361
9578
978
58138
68386
7701
95572
58970
85947
19541
17137
6471
76503
4958
29751
47132
70500
58180
81545
26891
19036
31274
70830
52958
81721
28123
95874
96869
69728
13828
3286
81473
96003
57845
72842
95848
22184
29609
92611
99364
59321
21610
97113
62294
66716
91254
80132
40355
58953
71606
8596
30082
26707
58080
88626
96831
81775
65602
17922
87223
95466
82429
12162
77114
24104
51414
14588
57486
26846
32710
49758
77219
2430
95660
46952
90032
60442
89155
23999
50919
47555
73506
73791
59151
56930
60121
79977
88202
6800
47793
80425
651
48791
55180
13486
79565
58123
15876
92622
81350
4989
75344
2560
39338
94171
93341
74207
33728
68640
965
74952
6626
60530
82981
18806
39286
82763
23191
84184
24319
70945
68823
55674
20990
55506
11550
25608
23246
25837
66924
54631
27821
84877
71809
35140
5285
72944
3972
45392
21745
11645
17155
1583
47365
86933
6562
6533
38250
10278
68809
21744
39317
57759
98502
32069
44860
86858
94229
51304
42805
22506
8912
43159
22582
91888
80980
73653
93690
6180
63938
90139
94782
12417
98709
79549
5990
62849
50733
77470
53413
51172
28382
18181
27480
64920
65390
71988
40818
30379
79155
64922
32266
72049
65451
7341
67773
37289
90775
20815
90591
47425
77241
51063
73650
28222
85649
67225
32833
69176
60932
38315
9945
18768
45521
50635
71620
92544
33816
73917
2781
10448
39905
66979
76169
52934
57247
48541
19003
35852
9306
66909
91489
28908
8877
17599
60267
24925
19451
80863
6603
20990
16799
22816
80802
36884
50011
2058
71603
79594
49117
85136
2604
66701
95635
75641
41606
67466
4
54899
88187
59233
11208
49749
73324
31731
47880
34919
48400
40310
58769
84437
65332
54805
95869
29562
34847
12882
92494
18584
4737
23902
92772
87200
58409
6291
75173
19389
38163
9862
34163
65440
63597
69491
43249
68470
61231
88813
81441
9203
40571
45702
58472
48735
72492
63100
84402
56800
26061
99443
40311
74105
46117
68971
77090
2961
66852
70984
74732
56225
85329
71498
61168
63023
43931
4880
42111
87686
90786
76262
2511
74147
68421
31559
23581
93518
99811
22413
2091
10319
46314
97506
45541
9256
28424
14762
35176
8260
69946
24196
86329
36641
51065
77993
86199
21660
97333
52748
21304
234
85526
78369
94741
81980
67544
86513
3742
37438
90641
38915
61172
72912
13247
30905
95144
20939
31259
30151
49933
32686
47324
2833
6068
86346
53618
36853
1726
81001
65385
88658
47961
7854
33988
29168
67164
8152
79897
62090
8299
76085
76223
91169
20689
30819
68355
45176
90766
54619
3585
87680
89558
18883
21505
4251
2642
17767
51246
94724
55060
33659
51332
76701
33791
25103
87125
23333
62128
89313
90806
74332
73047
885
24405
92831
34317
94382
76835
55407
35215
74184
95532
13683
40903
15846
9512
72200
6614
55290
1897
1290
87871
77811
63415
4277
45439
29384
5827
75827
74483
97113
31419
10019
65796
22418
28345
60008
78597
2500
74910
27828
7747
88294
22179
66247
94800
19674
37679
85330
51326
1711
76980
77792
39092
52624
41011
64815
92241
44809
38037
90674
28602
65080
19679
15583
12523
45972
10952
12337
85818
24197
49606
19572
5636
96841
46163
11597
62584
96460
37089
62504
85358
58967
85668
66395
92595
12355
9266
10332
4326
6717
57520
46330
42595
42271
56350
66554
99272
42539
61198
31841
83992
80323
90432
22347
46877
35608
22368
39649
9129
16720
94562
91152
26690
99782
50169
72553
95227
22973
85421
90255
74763
11028
18205
66911
92859
63453
13852
87455
43440
18668
51127
75839
49247
69197
1696
61732
25397
21916
81023
78936
21850
89333
8738
44122
33722
38130
21732
5015
86311
34314
19786
97694
4647
40516
5186
1024
15762
85090
86326
1124
70667
98893
98807
73316
97817
2792
10455
50192
17873
57243
92076
38705
34385
99745
46512
5863
23561
92196
84879
45276
13681
92110
31792
65766
3519
81711
89169
92751
93181
51916
81483
13898
92403
95168
7695
63144
18910
24539
77220
96472
70352
619
44914
35139
56797
16053
43529
97518
52044
54847
68199
32320
32993
43335
33114
92071
98359
40261
78899
30890
65402
21774
36351
4847
59436
20651
96773
6471
59693
34251
52802
11018
84074
44861
59465
3020
77007
84631
43837
8284
92963
78831
92600
64351
58610
13500
60817
499
56254
10101
36881
21351
82386
2768
32327
93074
99205
98587
4342
30221
88879
10177
61562
2557
45135
37528
37548
54958
76280
84182
2395
71577
43798
38784
17311
84193
65219
38876
91044
5596
48511
19485
26215
13840
90054
20996
72684
72660
32292
5988
8852
14593
90944
35393
75772
13875
12018
8305
40340
87563
57642
74176
48458
45296
52510
86094
42825
17428
93405
99957
63283
92996
81752
5872
69906
97193
64026
3308
22412
69994
54652
93912
19332
12229
75524
59938
13337
30016
73011
92728
83069
45041
35467
57500
84554
8126
99091
87078
41459
18146
66529
71582
22665
54294
3825
72839
10972
48347
83623
2367
86659
20880
57670
32246
3714
30889
95976
27123
19658
35300
45750
3501
19297
50968
78986
10182
27025
43730
85651
77324
15000
24231
64580
43805
71849
74485
64773
87943
70983
25830
89340
7909
80806
43324
68397
95999
13225
97103
26785
22951
74435
90649
95421
2880
22190
2313
6486
45494
39120
37498
74296
53046
3450
29403
58641
34516
44921
12924
62497
96267
86885
17065
54917
18850
31139
82180
58089
63895
22652
43846
65209
81913
22610
54308
49838
25554
92055
79879
27758
46922
98262
63137
46642
38848
19928
42565
36660
38450
53528
71617
6592
12158
80468
49252
83047
17574
40510
94013
6751
42727
5617
74353
97371
24754
44751
91550
96391
67683
75882
38712
83780
64905
61453
7752
22275
56327
65506
5112
80003
22017
10145
10427
53146
67828
15296
82195
4156
65146
97373
56923
43684
91816
33964
49039
10721
66948
92621
74159
8770
78247
69166
78442
35551
68545
27916
40164
80884
53032
75014
96126
67901
9968
39061
27913
51356
16586
48961
30307
26240
28538
35752
3226
96100
19526
54044
7239
1131
78818
81145
59504
37122
77024
51756
6659
95157
51918
55237
76688
61568
70032
38072
91032
39605
4820
31256
63047
70741
51941
44188
23519
25401
52033
46405
80685
88309
70700
72992
55283
58816
32924
71178
39694
13121
1647
11577
44898
12262
34680
89363
73032
43645
63255
28839
6885
69546
9763
84197
46122
77480
45099
1398
19649
59069
53231
41781
68524
37836
5879
93692
25186
36748
25400
69094
48138
8666
74528
60442
49903
65961
70954
6379
12716
43267
601
99387
65446
43856
51254
51950
2770
77331
50960
24706
27790
74558
22233
88941
85988
32934
64525
64275
25623
10320
46392
91814
21329
5838
53484
68989
87942
72308
82630
91053
77322
25327
60033
51973
46231
53346
40104
47395
51963
40239
9362
15527
52890
88900
52144
97105
98307
64023
76252
57581
98929
48150
83672
41484
50709
6545
38285
90635
23031
42263
71635
69693
94706
38003
6817
81158
7453
9828
52044
60042
10925
67143
22988
67185
22960
35214
8564
51882
53947
75222
86104
5167
54030
30979
34963
13869
81413
60513
2049
89777
20868
61183
87052
74886
57020
73999
53618
12306
50991
31803
1217
69407
75976
22781
1692
24686
96353
45477
9333
35074
38611
97556
80063
53970
52152
32985
95037
64427
13784
50587
82387
18159
78445
84792
33029
58655
29278
75982
16049
62717
44418
57971
39651
87152
59118
12559
51304
81472
70273
3787
8604
52192
48949
38336
6029
27009
7624
31873
85366
18670
20697
13758
10523
51223
20397
47033
73287
78475
33665
76303
26507
79867
24326
68065
26381
82173
81217
88337
11976
72705
43773
12409
61636
838
10466
19549
60462
9615
66758
45705
94614
22263
31065
37143
79430
22904
3378
78765
98688
82203
44756
82824
66133
26313
31869
63576
60400
36084
55282
59114
32539
89077
87549
27477
97638
76587
31465
98611
14306
70716
90725
1365
57680
99888
14398
27292
9916
41191
16160
60921
89559
16016
20431
64666
85845
29697
43349
70402
67184
14293
29621
88108
26358
1419
9657
41558
82043
1232
78959
614
75997
9546
49636
59870
72480
64860
1013
83053
40286
56239
41259
84192
55284
46773
12715
89477
20425
14410
54761
18837
4341
98040
80600
58685
72765
79435
36537
49231
94975
4300
82708
51337
6630
29580
83234
40098
1934
60352
67623
43402
62899
54979
60346
50235
39884
50360
73932
51120
47600
13741
97467
57788
73629
11318
80831
20110
2889
74177
29726
56743
54301
32843
99471
38457
38785
79214
46608
18071
24038
13696
10073
25852
61811
32778
18919
42878
20902
70699
60508
40445
65619
52118
48245
24332
85389
32525
288
26572
14140
89772
51186
88653
7784
37475
53541
24598
8392
92209
3019
78451
17162
20778
30960
19553
67373
40084
58906
523
99005
22845
81347
95078
2356
71121
9049
95691
97539
5667
31006
20850
28039
35024
38891
64649
86696
41041
41617
91190
29219
64641
38358
98796
22895
95329
25208
34251
1737
66416
13340
60780
87253
42213
57398
13436
62967
90968
85865
99826
43714
12580
54045
58176
89142
56903
55475
59859
31555
43662
85805
81192
33486
19739
19571
29964
43664
1804
34943
21071
10685
11417
63842
17779
7212
13781
12386
12903
98348
16239
95671
52471
97870
7680
97466
13397
42175
20904
49367
21186
56243
3201
48217
5682
43019
89792
18252
70952
78271
5356
93827
33754
39900
16579
28292
11134
52003
55140
7110
67319
25487
75873
46912
72572
55585
1937
5904
16791
30603
22739
78785
19238
64863
91056
47066
8428
55043
11686
97253
13942
45724
17495
14043
8222
33723
9904
42591
22728
26367
35108
63228
36119
62342
35047
692
36292
35659
6888
85300
70352
5333
92902
67944
54745
96839
86866
92154
69721
76328
79570
61732
61681
31595
79266
12685
80878
99006
2859
2622
72252
58748
47833
3830
48605
73476
54464
95479
73883
14431
47060
50447
51913
17529
50315
73034
72528
80444
15204
34410
65377
93799
27058
26113
62089
64633
43287
12383
6772
58143
55823
39216
23946
34326
81496
42157
26724
30450
94343
33815
61439
54743
90832
18543
50977
65867
8722
61096
37328
86113
44096
62864
38291
52947
30784
85496
40525
27128
39884
48909
58013
34141
69374
86269
46512
21158
46984
39679
26395
75074
10733
76549
34558
61314
97756
75256
41655
75372
31026
92652
95337
43706
54560
60692
33534
92089
51486
25097
65670
10154
4281
99669
42354
92904
75998
67464
39398
11423
96873
89237
702
8483
54882
94814
24877
92025
24712
39486
83112
97749
31200
55602
88289
38849
97681
36393
23191
57121
95352
15210
87690
73451
82165
43612
68959
46556
39243
32216
36583
49792
28832
31518
74571
59778
17968
41098
77149
463
22682
35684
18441
97343
88469
57006
25827
26230
40692
19540
67515
68310
24851
59282
49830
32380
66576
37113
96930
39324
68708
47089
89011
89452
54549
45671
31282
89017
30266
76369
17623
88274
15266
29282
9596
26726
98540
36328
99352
67794
82266
85898
98940
76447
87545
17038
74007
60895
86450
97426
80194
93452
13723
6231
23735
17673
11241
13180
56633
90360
60633
48926
16801
13177
77021
30997
30369
23428
74151
87058
38822
47583
31773
7418
80456
71194
24141
28025
26289
30746
99255
93812
32071
96589
11866
61191
11845
45997
17303
76131
34702
97472
99617
55590
50387
58247
3504
69747
52728
34747
38928
59893
8119
69656
18627
13856
17994
79327
20967
96997
99015
53227
69928
35781
72169
5854
25358
99286
90297
1983
24234
58325
95229
55838
27765
97940
60482
14388
23720
3829
20852
31182
46250
1713
71746
63750
67420
7876
5526
66339
13201
9431
70351
61909
60653
81633
26196
40651
78170
7075
6715
13968
3161
57034
7549
42014
89969
78201
6223
59176
78063
68408
20287
89387
7023
81548
97596
25122
51281
53731
73618
40291
47620
20638
71740
16985
73570
4884
92278
11652
19776
34047
8207
60485
73693
76364
68461
1099
3488
87934
77355
17028
68260
98948
14279
18368
51694
63132
80516
53385
38846
49344
98823
87352
64581
46879
84160
14596
5332
49537
79514
39586
16741
30440
21928
90987
4695
73197
70586
37808
44964
42950
28452
2739
12071
92038
34765
34135
23551
4980
10316
72492
58171
39986
26776
69292
51967
54808
62266
46695
14309
80304
38149
22979
83725
85794
83242
39531
27351
79829
85162
73203
72301
83046
17237
99678
7333
80977
23738
61796
63026
47459
32890
26141
20211
25000
51471
20446
19632
90371
52985
87716
82149
51628
63600
62371
4055
72497
8895
27832
93872
2111
80178
24453
86446
76094
56835
86463
1676
8074
11694
31254
47311
46113
15561
7769
23645
85874
40033
73340
49704
94084
15757
78690
45607
78224
76987
49574
75028
61475
53031
65361
78520
42112
63076
3228
48380
9664
2239
22784
15901
51349
69175
68523
52999
18728
19000
67558
80133
91791
30595
85343
59978
98113
90265
54957
59624
83871
98999
85682
30753
97155
84029
85577
10684
41234
58008
98951
82654
43846
2766
35100
8420
20239
13553
44760
30105
72912
91436
31477
41206
1048
59422
44722
94043
99348
85806
45035
75450
42692
88185
22265
6264
62846
7039
88666
57330
73166
9132
50793
5272
31674
65157
24892
25145
45162
18774
70031
60894
27222
29943
21735
68414
75435
34886
63114
76745
79268
89879
49414
5921
64384
77454
4084
11103
54042
13654
29129
54432
24617
75870
14068
43307
37672
62992
45270
10842
27863
31085
48498
41317
67125
3763
65696
20849
62438
300
38152
86748
13015
39700
94950
18238
90180
25371
82028
62109
81239
70046
5616
20934
69692
44241
8780
12637
14296
12045
37320
81502
29666
34275
61340
61390
42940
27829
36587
4514
98703
84000
26585
9818
31208
11530
49283
34247
91417
76621
89925
66376
51061
70122
58423
66786
32356
92148
85536
17846
24531
43088
9835
12057
3345
10795
55624
39313
20274
12116
33286
79710
18942
95178
9204
16568
93092
94834
41027
31936
57204
9533
22938
12502
71387
89160
9078
37294
59612
57778
52370
11565
44229
24053
54834
82243
69976
13670
65828
66066
28000
63131
54504
26657
50836
84993
39972
83038
53180
31694
21432
88547
59647
69719
61477
44684
850
48170
82779
77151
47276
92693
66415
95858
86418
89503
84071
68274
6565
31829
69465
23177
94486
11228
62939
97689
87904
96965
23917
45099
57170
52658
68396
85351
37629
79820
54848
83925
35033
11252
61550
70236
44491
11128
36746
62815
27241
25894
24545
27774
26659
58446
77147
40941
10578
22663
44524
23316
87722
23495
62108
77293
31603
13978
99808
12880
60042
5132
78614
19763
7739
39912
52230
57589
9521
90631
67932
64904
32447
7573
89571
629
66373
95094
48325
16805
62516
97725
16624
89258
11825
51484
45868
78370
12892
36523
62080
20261
26592
43276
5779
84613
7911
29390
48559
62439
30611
90353
56766
80048
25953
99028
46804
59494
90371
85896
38162
4261
92447
29273
63910
68622
60280
31301
93068
63667
48738
80712
61375
84081
59994
74698
88954
58931
6882
66719
41311
72455
57561
13660
38089
31586
18627
93972
35487
71168
73763
78182
92451
46260
88432
32732
67111
24937
8566
83337
85749
50442
51100
9347
28289
89721
43869
80874
31230
77323
51197
12213
60959
41771
69013
99245
33132
57680
54575
46918
34530
91789
99282
48097
3531
44215
82582
43231
41094
41439
85342
69080
42922
21474
40363
23977
25804
40288
57806
57844
88550
43895
61121
46241
14592
63184
65913
48309
44469
49950
7216
94901
97046
1343
92659
15530
61073
24446
64165
68285
646
30865
8811
52895
8118
29507
95644
22582
99140
