1550 24
8200
7193
2178
4590
3099
5444
5544
5495
5234
397
2668
1337
2582
5153
3311
2144
9227
9677
662
8135
5820
1836
8121
2082
9443
9687
9898
1135
8690
868
8008
3477
8458
5736
7400
1561
2744
1432
5437
1331
8967
754
7000
4893
3289
7715
3168
6668
507
5219
4054
5979
9584
5017
9313
2175
3704
1763
2267
341
8929
6140
2935
3920
3713
2726
7803
4406
6300
1382
6451
9928
9875
3430
2056
5405
6974
6939
5587
6180
3938
220
7804
3606
3802
4436
6988
9891
6941
7715
5814
99
74
1623
7753
506
9510
6124
1044
4067
2396
4257
3122
9531
61
2989
7837
7817
7848
1497
8574
5615
653
8177
5868
8621
5766
7061
6308
1370
5712
311
7827
215
466
1364
7568
939
7499
6086
4937
8855
1988
1717
815
7878
5463
9599
2966
369
3413
4470
6701
5601
2153
8526
7616
903
2602
135
4034
1151
7445
9219
5777
1001
8435
3988
4725
9273
9129
1427
3459
7519
3303
4417
7932
1024
7292
4452
2631
2700
781
8163
4634
3065
2317
9358
7590
352
1805
5348
8990
9071
6372
8622
7708
2957
9221
7625
7978
5142
2328
3878
2506
3265
2883
6129
8529
9565
8947
9874
1187
7320
6433
9007
2871
4847
2250
5751
709
8346
5961
6878
9198
7659
3257
1511
3012
9641
9886
3013
7134
8390
4319
572
9710
8846
98
1075
3042
6799
3178
7260
7919
331
8720
4575
5294
7409
9429
9504
2014
8603
8651
1992
7894
3759
5026
1284
9184
7438
615
7417
9198
6045
5535
3758
4533
741
5887
4825
4539
1567
8695
7734
6465
1773
1545
5886
5143
1553
3785
160
7398
1000
1148
3848
1423
1517
4057
4258
9977
7154
89
8003
349
2517
9098
1724
2534
6809
3526
3453
5414
16
4673
39
2723
7652
3536
336
9680
2753
1479
8075
627
6345
4782
7513
1366
8615
4549
529
2436
1452
3913
5504
3623
7209
5060
7210
467
1928
4802
5357
7650
1303
4472
3288
9046
2567
3725
261
7927
8083
104
6438
4453
4321
880
9865
998
7838
9542
8256
4814
3871
9595
7034
2563
9287
5944
3633
7139
5716
4283
9543
8582
8562
7306
6036
558
7679
524
5171
4411
8702
8983
422
6979
5732
5336
4686
2203
5462
830
6666
2634
378
7942
9381
4472
3621
3878
7159
7816
2953
156
397
4975
6393
908
5922
3858
2183
852
6449
61
7566
2615
6005
7111
465
9279
8357
9835
2971
2074
6167
9344
244
7378
9185
6341
9004
5290
9692
9301
884
4841
3385
5181
7863
8152
1800
1898
715
3432
2596
8124
7003
5377
32
4812
7719
4004
3066
7012
4009
4052
520
7575
75
2575
3783
961
9643
2871
3791
4526
7431
7002
9177
7986
850
6706
4832
6907
7708
6481
182
3556
2979
2635
2870
2788
1173
2126
3252
2346
9400
7815
1385
1636
3933
4095
3385
534
6907
6299
225
1765
9877
5208
1462
7174
8084
1663
2352
5932
4719
2984
6190
4407
4054
699
4971
83
35
8190
4878
1356
9706
4281
5472
8213
8584
34
998
9780
7238
5072
7114
7413
3110
9753
6817
3762
8487
894
9282
5875
9175
3561
7720
3932
8292
5578
290
8327
7092
7363
6413
9735
200
2529
8034
5313
7737
2376
9462
8363
6882
3979
3474
1495
8018
4905
9238
7520
6075
2934
5091
498
6977
2103
3517
571
6438
4637
2540
5664
3825
1159
2630
8290
3131
1283
1247
3359
5718
2669
9560
4123
7099
4781
7681
2891
6082
8268
7063
4321
2939
5627
1730
877
4981
8152
5639
7463
8300
8067
8195
1070
3493
483
5021
6424
1147
9164
8102
7613
5195
9242
8748
8753
2900
1755
4594
9715
3262
5497
7196
350
3884
3982
9880
9262
9917
8743
8469
7863
5299
9970
8129
5251
2222
3376
144
7507
2737
5279
1133
7453
8044
9727
4975
6151
9695
7262
9230
2009
3767
4881
3285
9841
8985
3691
6561
1619
7741
25
9075
9398
9583
4903
1380
617
3294
9556
4419
216
38
4030
3044
9481
3681
2824
3308
1843
9880
6995
1741
8246
5872
420
6556
5146
8026
3890
5537
8227
9878
3523
4808
9412
7444
2668
2373
2601
8945
41
4811
4801
362
9449
5562
3718
2605
3148
6742
6679
7814
1665
457
8980
2339
6338
7065
466
3454
9258
4402
4892
456
2888
7984
112
3509
5643
286
7741
1663
2233
9181
5337
6913
5001
2031
6420
608
6263
6942
7468
2699
3396
5915
5368
6692
3191
9020
3032
3338
6726
5231
6800
5975
9679
8283
7875
4142
3342
7078
2204
5584
364
2284
6976
6432
1359
5774
4625
931
6483
1993
4655
4439
7230
988
7172
134
5026
8536
741
5429
5169
200
5472
9188
1843
3265
7915
2830
334
3646
7665
4410
5337
3907
6790
4153
3613
4833
2353
8013
7233
8807
3061
5589
8001
7054
7842
1624
1792
6575
7193
8952
5429
4523
7646
9158
9117
4998
1646
3
8308
5264
7195
1708
4376
5395
5072
4807
3873
9313
2939
6498
4487
2455
111
9375
2224
4687
4874
2896
1686
736
3887
2672
9061
2111
8441
5664
4487
1121
6084
1950
7273
6531
2635
1878
8545
8763
1157
5881
8758
8975
941
4251
5245
6075
5081
5513
9044
5306
1232
8798
5058
6577
5053
6492
6138
8410
4620
529
5786
7811
7556
7870
1001
1921
4407
3793
4024
6654
3471
3682
1031
8171
9361
5955
7961
7009
6975
6201
7686
431
9401
151
4469
2296
697
2384
8894
3315
6403
562
4042
6257
648
8498
7794
1206
1829
3496
1157
7744
28
7798
1905
7426
4913
9120
5095
7648
1652
5454
4603
1263
1305
3931
5434
4969
8889
7173
4638
4140
333
8247
3010
9258
182
291
4657
8026
6568
9163
8968
508
5738
7752
1763
4538
5033
4752
7344
3190
6522
7588
6008
9363
9759
2955
4734
2366
1759
5779
3401
3726
8099
7272
8616
8584
9238
1990
589
1496
8712
5379
4189
1610
7273
9170
1764
5687
7523
3252
2485
392
5524
2056
5038
4872
8556
660
6221
8226
4200
8016
2898
121
1563
4560
3376
8157
4565
4672
6638
149
5014
1456
8313
3453
167
1868
378
8723
410
9358
8673
3740
7126
3237
3778
6304
7413
248
9609
7597
9462
7693
8674
4996
7537
4145
6857
8968
7567
6450
6892
888
3820
3478
5301
3497
4168
5539
300
7879
3935
4978
1219
492
9852
2609
334
471
1371
7836
6403
8035
1456
367
7756
2879
4912
7330
7
7142
9760
5182
8764
256
4036
7028
1277
6688
780
3047
7596
5419
1851
1502
1095
4686
7479
284
5670
3256
7226
8281
8143
3323
643
8347
2146
7340
843
7644
1035
3801
9705
7038
7706
9396
3153
2343
4832
5710
9062
3627
7846
9313
9491
5493
4180
8349
3733
4947
8761
3339
8086
2675
6378
7245
8357
5040
7866
1792
8976
5697
948
7685
2080
1855
3488
6891
7950
2458
7799
9412
8892
565
6146
1114
5388
9762
5161
3561
9945
2273
3214
7577
1925
990
1059
8554
1996
4809
5697
4657
624
3915
7547
4393
6787
9467
2655
6688
8684
6739
3222
1147
97
2532
7193
9256
3811
1779
7556
5376
5748
3538
9465
1210
3361
7917
6549
7968
3192
9864
5963
2276
5790
9576
6730
4846
6140
2956
4866
6651
7703
7927
4963
3790
352
361
4826
6505
4450
1252
2051
2991
7668
7017
1991
1671
5424
8449
8791
5741
5449
7814
706
1620
4202
1049
8557
9784
4325
5857
2831
6733
2462
946
4822
37
6035
9725
5526
2598
2703
9648
4601
4471
4666
4350
7543
1589
9815
6034
5403
7376
8423
4751
877
5131
743
104
6568
6690
8394
3970
9085
7715
3940
4758
2789
875
6457
2891
8161
8098
15
133
588
3837
8502
7163
4127
2782
5890
3209
6516
1587
9818
4446
8824
5536
7067
1914
7843
5941
9362
5409
8310
6654
6302
5380
9942
7215
1812
1107
5303
835
3044
6134
548
8646
5641
3547
437
7755
2939
59
9151
2768
6635
7828
766
1461
1523
748
9686
4418
1452
7481
5519
2614
8978
2453
624
2968
8062
6963
475
9689
924
5062
1030
3480
8536
7922
5335
733
7062
3488
9923
7380
4518
5800
9855
7771
2019
3696
1914
2015
4082
2097
2467
416
6625
279
5527
6699
719
4723
6893
8370
6295
2837
4142
3234
1367
6029
5889
4326
8808
6130
6242
3318
4790
9129
835
5527
242
5962
6983
3712
1872
1382
9351
1542
9521
8468
1402
2727
491
2929
4444
3960
4318
7806
2945
7576
254
6124
3716
2421
4405
8110
160
8870
4842
7842
8179
5111
1318
7088
3370
5327
11
1075
8500
9249
1221
4456
3347
9105
572
8624
5549
4568
5831
778
6181
9538
890
9555
229
7163
6598
2759
8280
1926
5872
188
8971
2363
8447
3494
9930
6540
9359
1688
8536
8023
4886
5298
5757
7987
2157
6863
9163
8762
4074
9524
3790
2815
7750
2949
760
4736
1227
9399
8314
1177
3090
7246
5911
7949
5379
7975
5339
2498
7106
3434
4335
5889
4017
4514
9114
5842
2326
5875
7581
142
5677
7087
4984
9851
3493
3385
4556
3210
3638
8362
3568
244
6354
1777
8528
3615
6477
7680
5919
5852
4911
3828
9084
4300
6715
9907
3555
9828
4537
7679
8838
8787
6658
724
9676
9295
2927
6801
5797
7215
9895
5824
5873
188
7015
2085
323
1655
4975
1091
9476
4400
