1000
753
952
861
1905
424
280
605
1107
117
1942
990
747
1299
1114
1013
104
1752
869
396
1178
469
1814
1510
480
1524
731
1728
407
976
444
1487
1387
1648
177
44
44
943
886
1840
1584
1980
1667
517
1326
1552
1440
919
1937
99
193
627
1586
1146
705
1428
1209
1858
138
785
1853
1407
876
1521
1503
818
1074
1105
1580
1756
248
20
116
1281
1515
251
814
1636
533
1614
1767
1664
1996
1101
1262
228
1613
277
1060
912
1902
1759
569
100
130
195
415
836
862
119
315
1452
1077
503
711
566
1959
868
636
1288
453
1772
1402
610
775
1699
1071
312
760
1844
907
337
762
16
715
222
1422
984
1101
1559
336
279
689
1718
515
1402
37
1574
45
1367
613
1303
642
1750
1100
1875
1790
1142
1057
1281
1906
1416
368
34
1705
1241
362
1384
629
1181
747
593
1856
1067
1765
1051
1517
1957
992
434
1559
1114
523
155
1236
1157
1299
1703
1970
1965
150
1222
875
254
151
1398
522
1864
1546
314
1389
1410
288
1046
926
315
705
1728
688
846
1729
1317
1527
1568
1008
903
438
587
428
1143
109
592
1988
1228
1139
1253
1034
137
1563
659
4
906
22
671
1142
1161
1392
297
1145
843
154
161
531
1573
1433
362
423
243
1690
1368
1280
681
1099
59
210
523
1925
1517
1007
631
441
1613
689
192
1164
1136
133
32
1407
1123
1738
323
220
348
596
1546
432
158
654
365
746
1784
1302
1484
722
1628
1516
510
196
1679
1684
377
166
1092
1632
770
734
1833
591
1733
1231
846
309
288
1883
638
1703
92
1886
689
549
1108
1875
562
1527
803
61
1066
338
294
874
1666
1647
608
1501
153
1394
755
844
1469
948
732
401
1590
1050
556
1513
521
1024
1423
1646
1563
1241
847
949
1130
312
236
1903
1004
338
1082
317
346
387
718
33
1498
1860
1424
202
1659
1090
1214
1940
1917
260
61
1510
706
125
299
660
1960
354
1157
841
1686
852
855
341
686
1965
1456
931
1434
1072
195
861
1369
94
1540
892
138
939
475
689
1544
1604
713
236
776
626
1863
727
1656
1121
1389
95
386
941
75
1781
903
900
1032
1629
1833
468
1840
563
688
1568
656
1570
757
1251
1766
1506
170
1491
1196
1175
265
1933
1391
1431
1710
1735
1194
1227
755
108
1438
1332
824
436
323
1337
642
1591
116
1455
241
1871
1256
257
1522
636
978
590
214
89
1402
694
1441
1867
1580
1597
338
336
744
99
218
871
1939
929
1456
1381
297
208
512
840
344
1967
277
410
1554
205
1207
1225
1723
1605
943
1242
1981
1408
1165
15
1665
1672
1738
763
836
530
374
770
260
97
1
29
941
773
765
516
515
9
93
1428
858
1083
1321
1507
1344
891
1773
1159
395
1560
1153
997
1339
887
799
971
1175
1562
1711
354
703
1844
492
222
1367
1289
1845
1109
1687
1245
576
1574
1020
1241
645
397
118
1650
1838
587
1113
186
1991
428
1789
1371
343
501
701
938
636
1014
305
1878
471
498
1296
756
1234
100
1548
489
1805
1022
1486
744
256
430
619
184
890
1758
137
1108
1071
1698
908
1212
1750
959
14
5
910
1123
174
253
1003
576
92
1439
858
663
834
1767
1229
749
1369
1171
170
570
1659
582
464
1927
854
547
63
1128
1006
774
1469
1588
1822
1925
1660
1667
1124
912
1492
1429
1557
811
1197
815
347
1980
1186
1213
1850
274
1868
1959
772
1772
316
1839
592
922
1271
1247
1217
1256
1295
288
1086
561
1796
1690
1716
497
361
1172
165
1617
81
1529
817
1282
436
58
545
1514
112
739
1409
1894
96
374
1852
1698
317
356
1760
1542
1101
807
842
97
1786
43
997
579
1570
1822
1610
1114
42
1193
781
1866
1445
20
839
1245
1408
335
1701
347
1154
258
1241
1450
1204
253
1354
798
1166
661
1066
1300
138
763
1090
277
370
1406
841
633
1647
1737
36
1497
274
1485
1291
421
1384
1952
1916
647
1363
329
566
156
193
1068
819
1133
1444
818
617
834
565
1595
203
1483
315
1547
654
1204
134
98
1655
748
290
836
1122
82
467
275
1150
677
1289
179
259
1108
649
219
1333
1
526
33
400
149
395
1008
1239
1921
1553
1890
1275
1821
388
1764
687
361
949
346
1259
1940
216
1015
1467
1214
648
74
217
1144
1259
881
328
1587
861
1948
286
646
1829
788
933
826
1432
1973
62
138
1490
267
1433
1806
594
1925
588
482
542
1142
1051
1660
1030
825
741
1802
1800
1983
1374
685
659
1797
1873
577
251
1540
1289
480
1646
1552
755
943
80
1631
613
1478
1133
1415
898
530
936
1888
998
1307
476
1508
1232
423
931
278
110
1634
484
1928
1152
1405
1071
797
485
1291
1877
1761
41
1766
1143
706
819
1254
1770
1340
1422
447
672
388
21
19
1105
1792
1525
689
744
1208
915
1963
145
1864
1593
911
1803
364
1846
1066
879
995
1030
1266
115
1629
409
1343
1968
1101
1444
1859
237
1574
1510
833
1502
1334
1630
97
1063
214
69
299
958
1035
1546
1447
1708
81
858
1162
8
1681
1201
1812
1491
1325
1395
170
1513
1099
1401
435
1445
866
1417
1104
1320
306
1596
1921
1700
16
1540
221
1796
1007
1775
124
308
727
43
1240
1257
669
390
100
1046
440
1098
1875
325
1231
46
694
1149
806
1412
1214
405
1777
839
892
582
795
