44156
35317
46139
57406
75666
88465
94228
11817
66025
11367
21474
80388
62774
32703
72135
65133
48343
50650
9112
76253
71627
27569
66393
6318
98620
1888
21657
90193
96556
61913
29250
59307
9916
97633
35520
4302
70726
43542
76406
20550
86814
18126
14953
18255
86284
46818
76341
16297
40502
82645
49799
97102
36612
46131
3255
41878
90449
10882
96567
85231
96838
83760
50938
53152
46183
63000
80750
5648
1478
38462
66449
22631
57049
69530
87280
35416
86528
40471
89052
94182
845
42805
34779
19071
399
69882
87564
50052
67898
94051
95247
89144
77311
15571
46662
87958
26121
79054
97286
78645
82240
86979
37175
63116
96854
66604
61031
57840
39636
91616
55350
80785
43331
31423
36388
59347
52651
38219
46026
93644
23720
94098
81602
73152
10478
11947
71820
78835
21475
55739
13554
60832
57679
48553
39862
21426
82628
24459
67188
53208
14462
16385
27134
50305
92673
96120
43424
51295
32633
59033
82107
42506
96374
14304
74971
5211
48519
50795
67139
85691
64197
61790
27311
3981
13104
82717
74627
26869
73940
45602
73348
69754
41366
42321
72542
56909
3975
59157
39265
5021
24813
96004
92608
27963
12056
17330
2775
9283
94245
25341
93050
74998
54897
93302
35624
13419
80564
10309
87284
48762
29608
81868
64416
83346
5357
10408
67896
55088
61615
13106
28054
63646
11741
33201
84574
21175
26423
41466
16775
84899
5036
84402
66186
84042
38197
21247
34983
74370
13354
4225
20634
8394
60930
65843
43205
66929
22525
93914
66876
52958
72581
18067
12
22225
71694
71535
14713
83270
48006
54945
93425
51940
4625
56916
12724
63952
31219
67619
55488
10537
4326
45569
5012
25999
56374
73167
61565
21142
99141
70418
56095
16558
93310
71884
38443
4450
7029
21182
19201
72448
21315
60888
81365
53294
99297
93200
82119
9965
79313
72252
2125
4004
74971
41866
51084
86838
66554
29286
24842
43610
4965
66956
81472
13443
30428
48116
61635
21688
76636
42430
81894
83201
34204
55946
5069
93800
39346
25339
30091
72215
66897
13032
96590
62153
52074
90809
85972
61711
88675
95508
64597
2542
52851
89252
56952
15206
41721
37496
26766
44216
31021
29545
58767
83918
91859
28771
65120
1559
50856
51875
63752
50578
66100
5764
6858
34575
11522
43653
91295
34880
3600
50494
12730
23038
76490
1809
15353
2111
82002
65370
87694
98297
65096
37422
98205
80129
89491
74628
44319
16340
35447
18543
73284
22609
86830
57212
36989
47732
80313
32106
9427
4864
37615
4781
43452
21252
86200
60601
92888
2891
57942
83872
36430
19273
41552
8866
79055
3946
55533
90966
30564
8559
84870
90972
95861
35102
70942
76007
9709
22793
4529
94537
37308
51845
46760
50949
6557
87287
30401
77754
65480
5593
23803
46310
59863
59124
56391
70871
91214
35436
23402
14160
57363
58949
15228
48812
96061
67492
28622
86300
16868
46542
57959
94421
14001
48492
63857
48525
83728
25906
99524
47694
11305
99174
81350
60602
9468
33309
97002
75045
29231
13048
72559
21936
56582
45469
53066
92947
31749
82536
43874
62207
69948
28325
55885
57130
65833
95868
25503
62501
79773
32575
26466
55995
44170
46041
99479
68475
57200
42059
81552
37334
5511
17450
67899
97435
25971
63729
11690
54669
21669
72717
7671
94047
48637
19764
84959
80876
53256
541
42473
61005
66510
282
85869
73671
24469
325
65603
96281
56969
73286
35368
85437
29868
79488
89803
14145
71246
59023
41760
30887
11663
30545
5276
15837
91228
13672
31882
88383
38097
85589
55670
27980
97740
95268
82292
75859
58439
5214
58675
37774
21864
41054
19120
77957
80250
9960
53959
40633
95449
7592
83459
56784
99978
9549
94013
7330
12981
29950
2422
37125
41134
64652
23904
48611
96646
67125
85382
44817
53372
65750
52727
40908
28624
65278
93422
84377
14459
5429
7566
19346
80651
97573
78787
63726
52436
3531
52646
78059
26907
46083
31317
52604
23165
69162
83082
70713
70861
48750
88473
72864
58455
89400
99792
40094
71719
38036
87806
73522
37513
32598
53201
67385
62744
58488
76001
23836
46882
87943
89092
58064
77824
7139
65247
84502
97310
11213
52681
49222
21065
94882
67684
11948
78716
53396
11367
94953
34798
33886
95759
81463
26175
85639
8559
56252
39902
17528
12154
56074
77231
80498
19922
56110
18301
19636
51268
89571
47681
19148
30150
96951
59937
29113
33169
62741
70374
48842
6984
12032
76754
93005
99490
48752
73408
77985
53644
71812
86795
48456
95169
88669
82589
80741
2497
37450
80308
78289
18972
341
91183
46065
6981
4630
27370
30832
38539
88144
62217
61345
38733
24221
59299
88631
90498
86950
67961
22010
36815
89470
73138
95006
62228
25682
40048
93415
75848
13044
88082
62946
61206
32021
75887
32415
31669
47882
95522
13329
86446
53934
45512
65582
1403
53232
45731
66672
93719
89006
30464
21445
99622
82493
26062
67703
55036
68430
15006
18409
4084
1674
26950
34911
49695
22778
91695
36687
5953
74622
10961
59040
16957
36778
64258
33821
82428
22583
9676
60270
43327
6856
66638
51901
71839
69641
2725
85134
74650
50377
76001
77034
2721
73097
2866
87831
6940
14519
91490
81187
16893
80858
22912
18190
41941
5886
57324
10384
16632
99955
21097
9628
44984
45397
2444
88532
23775
91149
19051
73758
36738
4201
75842
97694
83194
21639
781
3724
63804
21094
46888
58902
8446
21695
66830
65529
9220
91342
54428
18639
80984
68867
96827
24781
6641
98162
5852
62716
98727
30831
9460
9621
52057
76249
88001
44280
22633
10147
15208
1433
96634
81696
10116
26862
80421
1305
27498
69272
40836
28822
77834
49915
71218
32262
1346
86045
35504
6338
15241
52774
21773
73262
83311
86470
40948
93791
155
97006
70999
35354
6591
29646
55267
8646
86964
5134
51992
1702
31063
94061
56922
43761
44231
65666
88151
75867
86908
48392
37143
81102
1682
64079
62125
99877
18956
72451
19077
28001
78388
29828
97892
46052
89436
23390
83386
17087
60171
40868
49413
69933
54164
25381
39158
99906
36100
64144
37302
74244
57682
45258
72181
26490
9635
30100
12340
62486
6042
25864
42873
12095
73126
5886
43524
52383
88350
53534
18913
26457
91652
80997
74766
57671
7500
70771
20422
10930
52689
13333
74017
56303
21299
39106
65618
63632
28838
21460
65125
95093
95039
34061
79064
59417
6905
54425
86931
71749
28901
64183
2612
57040
1959
88458
27432
21998
71282
21903
71307
83242
90710
2596
10572
95239
51068
86410
89121
74385
18218
42838
15050
86272
57358
74139
86051
76793
39924
24338
68536
68259
45578
68806
700
83260
5582
10420
62750
15385
8430
11714
50645
79237
47323
7947
42112
5814
16255
30831
76259
47333
47499
76555
27748
37877
93896
52949
76779
37042
36390
11775
12335
72829
10793
64628
62731
73777
16655
51255
98810
10349
14959
72219
70718
56699
70184
61798
6232
49570
41125
54693
33738
45877
3044
70614
53935
6399
48504
66052
93223
2141
62182
64643
21217
44941
4219
19645
24120
45486
51114
58976
49593
57130
4679
98351
36084
34337
8974
74137
83629
18728
34999
67334
66016
88473
82124
36841
85650
36483
13055
895
55813
88716
44347
29520
17277
51271
85495
30405
40601
33932
52006
54191
72458
48037
46718
36797
69459
17605
51400
5623
74858
42402
11279
60908
54684
23079
49978
71924
89435
45180
84619
31129
51130
70583
3269
55358
69345
70425
11763
93709
66003
87348
91190
54636
98096
55335
41113
92816
55366
46275
15788
97225
30795
77509
11392
76505
24396
19321
40185
99754
99029
17013
35010
21761
30717
50848
27610
95167
18666
29147
83863
12175
11523
46196
68958
53960
31930
39271
33170
54347
60679
360
1619
65822
52996
46085
6722
25311
3006
50413
78838
34358
17598
21797
11418
81597
31788
50083
25067
95231
38461
65426
67251
77741
86217
96308
7419
67713
87460
31256
32957
53737
95963
20239
45288
9653
54591
93498
1938
58197
84199
1688
36837
88505
90989
32987
8397
14477
59855
80135
28749
2777
53213
1163
78336
78886
82
65279
87167
73563
50209
65112
80446
95115
70175
34088
72137
41750
78946
87357
31602
72874
13358
20401
65596
8942
98864
6186
34946
85292
6396
71664
83139
5593
75840
87010
11013
66946
87884
87535
2127
80249
31494
34128
70702
69800
21731
16095
53996
74467
54745
59844
42472
17305
23605
74401
64146
34416
6874
77941
62652
90582
48506
37212
2507
39441
56807
36676
60622
27523
1487
22392
69189
38961
10768
70182
97852
44076
96692
43324
48497
71491
51377
44844
89928
62257
5693
15882
28684
64897
27304
56328
27416
17729
12803
37918
41665
11588
56027
86715
93236
62588
79273
69429
94410
10433
39733
14112
11217
15530
95543
97672
41124
81520
2477
60230
12601
42377
18849
92490
38740
66173
37502
28002
62904
91386
95123
79067
65966
27650
94517
37415
38643
22492
15974
46635
18180
52823
82068
84461
34818
11006
88616
28741
91470
58147
34147
89727
24136
11901
55149
7205
8127
66607
32417
17708
36289
85634
50795
51115
85282
26262
408
69368
7374
61686
36389
16496
65870
4008
91721
96935
10528
26764
71767
68696
39692
7038
6116
96211
55706
85743
59168
47212
13418
40416
99832
85271
63577
67628
99313
90044
84610
14834
64649
16741
76798
68581
32443
69019
14913
37748
9503
49550
92233
77694
73029
94786
83052
3772
68745
17635
52335
67934
20953
26231
20814
59452
89190
72250
18336
22385
61164
86796
21808
3273
43522
58530
55750
98973
71351
20468
54680
61439
66621
82753
3239
20510
15753
30840
74298
74497
73068
13513
83501
41360
60592
51838
12433
73321
93532
9727
80600
27937
51895
53482
55446
88098
1196
14458
5038
22416
19197
42380
36706
38712
11861
28993
60289
7498
87879
96858
61191
95893
48538
42887
70019
24345
1036
51430
27716
83775
52933
66557
88246
92508
63891
58989
58742
5674
66858
12139
34231
27867
77783
58374
19075
22194
97728
33810
13012
56579
47730
63194
5959
54365
74863
43004
13672
11520
11171
6369
50222
29142
13381
95412
43106
60329
91295
22796
7940
21523
28334
97145
73351
47665
76878
41301
66904
69710
4375
71490
45293
32426
64097
62849
60061
57365
10451
99816
72753
80848
92659
17118
96990
97918
8339
98166
59599
32828
10083
2885
78718
24812
65602
74709
34032
36820
42938
50909
3793
31960
4945
98950
10637
27542
89008
48474
30690
26238
9775
44841
37248
57585
58499
58242
38954
76319
38787
92441
65847
88872
48671
33597
78012
17208
5908
96222
45184
63122
64239
68245
49511
60261
95783
63567
19127
53327
43211
58968
6426
36860
42877
92176
30843
54850
35598
45332
83306
10520
22234
33110
87995
77298
31017
1399
90019
39575
7105
47140
69177
94100
79000
14514
17230
8185
26109
74991
41995
49298
94033
90417
36664
6854
85935
36497
87958
50585
33119
16403
76414
4617
58220
59105
35227
6530
6661
7425
71622
13130
44031
64648
78645
58577
45508
33103
92947
63013
97266
16653
59870
29417
57429
85550
16122
71437
89982
81546
6981
63475
2778
78649
95360
8050
78076
95963
55988
61681
33548
55357
63668
41333
34205
86630
37412
75648
84278
59505
13576
77218
48581
90579
77853
75211
8268
22098
89266
82845
85320
79758
27075
14870
3917
36669
82585
54103
38189
41557
97326
79195
28854
35555
10432
7774
5913
70937
61470
4363
66237
46874
26773
59944
92190
24747
44621
1090
65077
2269
12050
76677
15359
77739
77345
91962
80475
33996
5951
93735
34916
60712
11038
49552
41354
66
28131
42003
82936
64187
23120
88058
29121
22875
76457
91037
35635
69729
25437
75309
95698
22954
60758
68188
23004
41330
38443
49516
70554
74415
64401
47315
4103
47975
20934
83215
91132
90429
90118
84793
1309
74662
93826
59426
66834
6950
89029
59517
34596
14770
67091
95880
31394
80491
35126
5464
86281
61098
94717
28176
84669
86514
72380
19878
32448
65844
65337
16798
60848
10474
76718
43060
66698
35007
97738
16749
81253
36306
18907
29259
18431
70539
83450
8667
58641
81524
4022
90314
54449
3620
56456
62676
74314
85554
85664
35109
8345
5285
85
75836
53678
83682
60906
15255
7572
79958
26933
1633
15065
30156
33461
98334
54136
67763
14763
45291
98511
35864
74145
19979
29633
31632
92028
15644
35406
51227
22309
10454
953
90434
41385
76681
96439
11036
96144
41349
67081
70639
11918
74432
2003
81085
93128
48555
93667
40502
4067
25904
30406
37872
13641
7719
65021
77030
86977
91752
71573
73546
5404
83557
76108
64586
29440
55602
15581
1585
4367
20506
7837
21246
43372
4957
86309
20835
4723
59685
57571
16962
26223
4207
14354
65034
21182
2786
20063
13600
77088
93582
94097
31686
952
77725
24800
22681
39435
95778
38685
96263
83274
75289
71654
77275
28533
41016
47673
56512
10868
54915
31817
71676
47423
24535
51415
9193
86459
28576
52428
64837
64249
46753
44786
64888
59900
23966
43331
58389
75995
90895
10773
19681
84715
5744
37828
85132
49539
76090
84076
54134
93091
22332
83961
78940
51000
49488
66493
51766
38869
86914
63213
30740
39747
23827
95655
99735
6539
78637
62942
85033
60525
71102
12987
32193
63680
19306
78158
93634
17118
30012
39773
90506
14517
97088
33716
66656
935
18529
90264
28410
25176
62008
68360
8494
97586
37169
2
8970
63050
30349
59882
57726
4105
81974
41136
60094
67272
11799
1919
94057
84572
25843
25682
40467
32276
8702
22765
93290
98213
20452
88831
41242
99255
95341
61035
71023
51788
94894
12595
82768
3501
51636
7479
23412
84490
30609
6473
41182
81529
95859
95383
41331
94219
2138
90942
30499
64183
18624
34950
80612
86093
40895
36370
57060
94989
44247
13109
61098
84969
1248
744
83721
61711
38065
33103
54270
66693
10101
75980
97604
41364
74873
49195
68151
91800
37712
4343
21079
31260
30895
12048
54815
71349
74499
49350
80774
88545
53744
29416
74403
47050
83597
3935
84076
59600
46820
8660
53520
38910
4704
44297
23904
81129
57927
84328
45421
92127
15062
57594
41195
21566
35895
63656
25665
48397
78394
53341
28095
52037
40752
21154
54404
98195
33356
85785
89978
424
21324
6863
76537
2475
27027
99871
95326
31887
86629
53761
85295
91574
53833
63520
11328
65640
77402
14307
65341
69163
7471
805
26207
84667
69344
60198
94978
15604
56858
21970
97417
9532
56456
29886
29065
52685
24378
3743
76328
19258
24835
33142
78668
67480
78309
87329
642
29002
64922
66339
55098
31628
35243
15652
24484
33591
32373
52878
10740
99520
29707
68462
53508
99368
95410
83514
96828
57934
33997
74104
67043
97134
25258
78013
34126
79277
3537
68484
85587
30887
85355
1274
12716
74970
2378
87323
4126
61956
50919
62595
48195
10492
24550
55523
42261
77810
44552
22660
4529
32149
16198
95967
52931
41430
50622
81119
21423
99189
25148
27635
35877
66316
73768
6732
25791
80458
25445
20060
89447
60602
24599
63535
9726
66547
12160
37976
79329
46981
9794
12354
27300
96956
88293
15580
32897
3042
6361
63449
4121
65871
76917
61647
86414
37117
93934
21080
38044
13875
64559
25529
85809
23677
10513
73722
7755
80658
28794
69343
98650
69502
41848
87174
66554
38182
91751
34123
48313
84534
39395
84064
16484
23550
2740
76313
45182
97417
43096
24113
38032
96937
93433
11788
71236
50220
71228
21249
18746
56717
46730
58206
25788
99533
73265
55512
79469
65295
90895
76204
15859
86784
43984
61105
65863
70570
49615
7362
15112
50554
92224
3250
34412
93198
5343
68677
92797
25092
73546
44695
25771
38265
71270
65882
35853
50922
2730
61273
91485
26783
71780
15332
47467
54469
66594
87940
5158
8201
38254
19427
24657
35363
74511
52802
36136
81526
63812
6819
86048
1479
2871
82480
60749
97175
75398
94739
72457
83993
95067
56981
58755
35406
92621
66885
32521
2036
78640
37040
78098
27930
60501
11708
13422
71969
29569
96983
70942
22623
90973
97402
82702
41768
60115
77001
5084
97882
29037
90922
56336
73723
77184
39585
3653
14869
93041
33320
53558
11196
79750
21961
63338
84855
51228
87225
60134
33730
51300
43315
8446
10877
86507
81462
94545
52340
82985
18258
16320
83419
4739
59933
30727
13591
95464
44900
16266
8558
25015
24057
73912
3962
67621
83834
17574
50770
72714
76829
68145
20136
6967
26467
90131
58145
87608
19882
41409
23441
5144
10974
89518
44231
37604
72768
96753
61803
13185
67055
30093
7112
19238
76018
2223
33655
55732
56337
62330
28793
91723
26758
74770
45847
51318
3018
46367
50126
19471
96907
70605
59705
12844
78564
87067
94703
97538
20018
91404
73043
88346
23850
10146
4358
169
31747
57334
82267
21475
91318
38242
1421
39804
7652
68145
12600
23271
79373
41433
66849
55736
34330
32553
92828
98607
1634
20853
23714
36487
45787
29793
11036
9573
60465
22662
91149
35123
83089
29994
37897
44138
46217
52585
12004
84860
27157
67459
30722
11158
6736
83946
73488
25420
26012
35901
96352
2440
99690
8252
60348
95244
87133
79826
80159
70284
56185
11067
8969
8991
76936
10310
1573
27546
71510
37861
39500
6246
35277
33384
47487
94922
63462
56258
73348
30558
7277
56238
84480
84029
19146
25233
42656
23509
56109
47467
30048
39401
94695
19645
28941
19182
30549
12470
95193
84673
67481
3204
30843
13519
45697
90239
38395
74943
40448
55286
69241
18392
28956
76836
41187
86242
47253
51589
40737
987
61779
62752
89824
89691
45646
23117
88227
66008
18180
19531
43297
32824
7262
8355
53247
34880
24936
97387
82894
9870
90208
66252
3264
89945
51723
26634
7085
79788
84127
68784
61958
26522
27587
7847
45803
2397
29278
50359
25256
58151
38264
73497
58511
90245
13520
64230
91339
50912
43521
38387
28317
47995
38188
28464
53951
54824
78033
55769
61682
63901
75201
71418
25089
30277
2908
19562
45391
82935
79416
14907
48147
19347
72236
72486
88952
83340
10696
93110
35555
5167
68849
40227
14621
44855
79469
2476
16185
22881
66056
31049
15665
99611
47810
76611
56195
84062
3773
21780
21423
50816
23878
10982
58183
84784
50418
32591
7072
2519
93052
87499
76908
50181
34957
98709
41771
68651
54273
21521
3366
85718
13483
12029
1764
13086
44861
27229
75322
69711
18129
44297
46477
40460
83069
72513
71016
77690
45462
49217
6690
87795
4565
69199
77630
4587
13330
19187
28255
10333
68016
63930
53378
26558
90126
5022
31297
29597
50952
49249
32164
31888
56208
81943
1300
52608
75180
2065
2724
69469
28456
83658
85202
30807
40606
78653
86944
18653
62935
28046
59602
33175
33859
40420
47055
3787
95497
10227
41514
73783
37925
70659
7269
37637
22207
62577
37136
77316
18578
71685
12270
67756
19432
44448
59681
43438
66991
22274
29415
88171
276
17007
95235
39615
54569
76240
7429
54526
74075
36916
92461
77076
52907
54677
83449
1848
85395
80626
91974
28227
73630
22367
1042
78131
18024
57166
26099
32924
1058
31148
85686
91304
29115
86364
60143
61298
80543
20964
94368
12933
19
85327
49426
53971
16974
79345
28939
90223
14253
70068
40274
44866
13277
65847
57739
88760
94356
85225
37781
45672
7407
95543
90140
24149
42857
76222
14200
87202
80203
65304
15863
56831
775
5069
41867
75332
13044
2308
96228
41277
17536
88634
53865
85456
92808
27456
31411
28024
87176
91121
36579
66706
12025
2116
70704
10697
18421
58623
9353
68318
12995
24594
8373
26914
4844
69273
55026
63945
59762
21772
24082
98364
94029
11552
3963
73441
38935
83728
26771
21190
31592
21569
27794
42509
55665
95391
78831
32774
73374
59970
66934
15630
18922
41547
85212
7564
80552
39151
66484
67089
29937
7717
41796
32131
14075
18080
32117
96916
75289
64356
68272
11312
34983
57406
82190
87656
86867
69285
71127
88725
32322
20217
5302
72505
52105
31432
54883
47427
93557
1290
69944
96628
77588
5230
16694
11544
80297
55184
72954
22958
54582
56203
78339
27845
33502
99584
13136
69600
76885
13645
74969
63345
51983
46340
68747
82348
88838
27202
90052
14519
81257
82754
40659
27109
83829
38082
56349
58436
57596
23749
58545
24484
70051
37418
32113
735
84241
30113
42148
63861
5807
71341
29977
66404
61913
14789
88363
13264
79594
69735
22798
78136
32041
64849
28307
20712
47368
31637
16152
99049
78605
6540
28181
26024
89993
22134
25004
66391
37930
8661
15996
41096
86146
99605
53021
92354
75525
93528
60604
58474
90330
58066
90111
22982
61146
34130
48467
35289
52119
48373
97019
35284
66564
84430
92629
86045
53136
76441
2785
70135
76418
14188
27730
69546
12083
32183
79045
83575
32572
13908
76439
66519
10392
62951
88337
3365
19225
45873
67158
78964
40034
85599
1654
68407
97824
92862
22953
54944
50938
83254
49960
17275
44140
44624
70700
92679
23633
90986
18659
29468
65276
75810
54237
12704
1391
45284
89694
35908
48533
88017
38734
22259
20031
8173
11103
50914
97909
76276
80136
80915
1372
51588
3891
81007
37939
18051
94389
74305
79732
43805
95350
64177
29219
51755
58890
70414
14961
690
53417
67569
20544
93992
47535
94564
92985
24308
73736
41898
48125
8860
60699
21912
46979
22019
64439
29493
68149
17159
25008
99001
55967
95797
55786
19833
27940
11654
52573
41440
79942
37417
85427
38520
16043
66044
74449
96533
88204
18442
92828
5012
50663
65526
83402
83811
3314
89135
8973
3687
41405
56869
56078
22273
79273
61299
86060
77475
43376
15656
10538
86873
7943
13309
97187
51113
74573
34768
73224
35980
12934
79696
78537
65946
73340
33351
7962
87522
32163
19049
37892
87744
22420
9926
15872
19310
89367
3229
84224
87554
16973
93777
61004
74511
80197
51070
77848
80163
52741
33965
36396
30105
85410
68200
48815
7182
87805
14849
78132
29530
98249
19451
79321
3186
54715
44484
28097
57377
42759
33222
84992
18476
43600
44186
63156
84116
46939
97408
86514
56397
45727
94476
33278
42789
17856
64243
13087
55873
91589
93264
21473
21982
6627
51512
21124
75188
77134
8978
31577
62113
83099
6620
288
32566
22114
96543
21234
48134
28560
88570
78291
72077
35419
99674
79995
24365
47820
79146
19785
32443
45973
27387
12349
36750
17446
21143
38676
21098
23184
60026
4788
15750
58728
2594
81887
62529
2984
64161
58187
31017
31450
9441
12483
80000
3261
2376
70812
64394
9840
76394
22865
75819
37277
80005
97520
99141
57795
41963
15065
23516
38328
63805
77263
85667
57566
67384
88191
63693
25178
81408
34361
53635
31543
32524
77317
35826
24687
78690
4516
51460
2377
25304
75770
43271
14566
50196
69581
32772
8077
80619
84761
6258
50446
70721
11385
21390
17310
50771
14453
8879
7854
4940
73144
88725
13689
74525
21841
15804
58869
53539
67218
58293
27962
67488
62366
64745
1641
25703
49938
12599
12377
66745
62123
78654
37818
77461
13560
31106
15649
99248
54389
60697
88632
31415
4806
25102
18442
91633
87804
2189
10218
32024
93788
58007
21015
71394
42645
91289
77059
63869
67980
16134
18139
49313
90871
5440
50224
1960
37352
30637
61506
39340
97558
97683
28248
92500
87855
43953
96395
23519
86490
96781
28869
47032
45756
63448
3451
75536
86661
65235
57003
50781
4526
19197
24942
64490
61384
96345
68808
89683
79490
92032
7712
89792
48522
10373
79125
56220
64089
3132
38166
33138
90819
85615
77047
69383
64403
45433
58079
32329
69706
36461
93509
31377
83384
3096
28341
51515
57254
22861
14331
63536
20483
67208
7478
6625
34307
37351
70240
6445
47492
90786
37705
37081
19428
27195
35056
42407
65148
43186
10813
6874
55478
86254
42238
61945
25857
21012
27215
21826
17725
14475
12816
84798
49349
56250
59340
49554
67882
19013
64108
29827
84305
62541
38484
43320
62731
6987
36413
89875
43112
64608
83576
93645
39609
56225
11592
75620
6246
64260
70640
81223
59718
58883
35785
31361
36570
27925
50850
94176
40533
3695
34746
92983
43190
46552
75426
13552
8923
99240
83820
99397
33973
67877
10711
60319
78218
79841
75046
89657
6960
3077
79598
52982
22802
2252
49118
5927
11236
3051
8598
15513
24695
60110
10750
65937
48012
70200
99804
97344
7602
47741
65411
15819
69783
64198
5815
70223
51887
26884
33685
83853
152
44921
76535
95874
17418
19543
58382
55977
32864
84154
79047
67230
44533
61372
20199
50114
19969
68349
5500
61923
4147
24259
54633
65810
16301
98226
60579
81207
55180
64565
96295
34197
15585
32022
30530
51134
67885
43622
74789
81220
92160
48004
14404
30016
67338
6841
45885
54396
78314
16646
77942
528
52206
73002
30263
90647
60939
92816
60155
25020
92690
30948
22770
26988
97559
24996
66937
21495
69867
68037
64760
73790
16726
68565
24622
38986
8322
58534
13252
71239
94866
41426
53750
4584
58012
91952
4067
92102
83682
13487
9727
9845
88345
1937
48424
66546
19286
70330
13043
32310
51187
51001
78434
25088
4253
8601
56365
36782
79968
90196
83666
67550
3268
23202
19677
71346
29728
92544
20939
86061
68120
91503
39632
6185
86224
91572
80655
47450
84881
93841
36898
39547
27153
10601
93219
3803
22275
17545
14179
90233
51091
26080
13967
12878
92696
16643
35818
50795
38255
5513
35675
81730
61049
54771
73723
28989
54784
50497
13809
42592
99197
51885
82894
63135
71219
97111
73022
94553
99689
66019
98259
17765
293
3010
34637
31606
90825
24758
36138
61183
4500
71393
73104
38585
33146
52006
20975
82348
96259
56575
96493
13451
14476
16038
65932
24110
9740
81247
82415
81707
41499
91268
73289
69609
43126
94250
34220
638
30876
2272
59915
1220
71417
64206
53680
35960
30958
53998
7905
56067
61083
16145
44690
75187
44682
39343
66484
22571
32799
61274
35082
57961
1838
95756
87274
61535
51794
58284
89296
71996
71340
12427
99932
52143
40986
74093
13286
90112
67628
8776
3702
81289
17948
6847
31125
2209
75642
57076
24123
25699
87425
3649
97845
57307
27513
19338
73063
31050
89973
16771
28873
4674
86441
90223
75112
95264
95809
1624
41374
79680
91791
50031
18558
3579
35647
19000
42052
52486
16423
20579
65819
64116
5928
45041
82861
7038
34456
42279
86366
79885
23414
63052
66345
76805
39504
52679
36765
46707
46554
19096
647
5173
25318
42900
81212
29321
96002
68518
50490
26982
71619
3763
65383
41770
85990
70717
10676
2398
9535
12346
5012
23359
95139
16849
22615
28153
75635
46786
37708
59145
51228
81041
67595
8874
95532
9671
57343
76646
92164
55089
88925
22454
63689
99181
35571
42274
76699
79235
11458
1240
36581
46441
98250
36256
52378
62426
49807
29615
34934
59274
76380
89396
82746
80977
15029
51813
75924
77132
12469
64539
3835
72830
17473
44228
35274
85716
75392
53850
39055
54210
99291
56688
26357
30981
77886
33557
73146
5064
52423
26796
52401
57893
14096
65196
31400
72059
81869
88890
94785
94979
56886
61133
9377
51380
30358
90494
19927
32639
12186
87987
30785
362
66697
92164
23154
69748
24625
61117
6940
32858
81680
53950
54646
5915
39566
98973
67905
94401
46982
95084
67870
93888
79581
66957
32181
90633
93894
13535
94236
36256
68467
71345
97533
70561
2499
92480
66611
43436
84361
70439
9439
73069
16010
66662
51681
14561
63581
70152
56588
9747
99667
9889
59264
77389
30294
67880
60628
13653
54270
56411
39473
72682
63293
40444
77144
39301
4476
57523
70025
80715
33993
76478
2576
35981
24811
72346
5796
26130
98825
98860
72491
61703
32353
43672
83568
71256
58833
91614
92861
40102
97794
19551
8899
68590
76726
83091
91434
98497
6365
94849
87562
61927
49248
41421
2669
53508
62687
18178
33037
97481
25218
78471
63960
66739
93926
73184
41773
41327
38874
961
36117
23814
98241
51239
67531
26389
50833
42669
59153
75066
16319
9578
50329
71194
72870
42243
72685
18620
53076
17113
46621
74347
89588
78546
47600
56007
72819
32649
76664
8607
35382
39198
66979
16432
11918
89724
89175
87619
72521
48174
3607
7464
9496
81957
65679
29047
33701
62310
98565
72703
25142
57089
55737
79253
44161
62472
72640
49968
88797
51725
80914
76175
88933
89856
72741
2861
97516
69991
67674
31714
55669
37634
40019
88041
64232
12430
96522
49816
63677
83513
91861
73997
4941
5477
99360
44710
83425
79574
61402
28455
13509
13152
26742
32004
4022
36066
22474
55424
45109
5023
16862
61596
8134
35119
11229
1458
90339
91012
98273
98799
2935
84078
68090
52440
70297
16531
52704
33574
86133
85780
8198
25115
34285
35159
21591
30798
88411
97515
33991
78292
67235
43968
189
64703
9006
73993
86609
52866
69680
74182
96703
35039
88784
26136
53139
63703
12667
60858
86000
50567
3987
60441
27699
8444
44320
48156
64120
86669
14407
7078
93315
71857
70435
55292
60286
27668
13775
58828
98154
99816
61378
3478
52778
34717
8607
39374
8809
85489
71728
60253
14158
69441
58326
97330
30092
86144
86240
88427
70524
57852
79340
98035
53374
96337
72453
85739
75537
15224
65669
45617
54899
15951
23274
70048
35676
44946
59132
55834
99705
64195
59528
86177
60801
61069
51781
2191
71850
31511
90664
85065
76113
61128
1825
48070
73994
75060
13036
52563
94334
20495
52006
20538
1073
79154
44079
13485
19096
10539
76200
19125
32249
92161
26801
55132
13038
2250
22642
31128
84024
88773
52518
40537
81934
78300
21038
12206
2399
34746
70862
4389
90964
68368
41867
33012
4130
99538
15685
73653
70187
2985
81027
38273
30815
86434
38072
51616
16813
39851
95986
53188
52475
45869
51448
87975
14911
47279
58425
80602
89411
95991
67134
76321
77703
27456
22100
65746
13177
64104
3525
41607
53080
75857
60736
25277
41766
56825
52709
81395
81723
52966
99138
90610
33035
34508
61885
83401
2660
34932
92139
52240
41343
15821
70970
58423
13597
15941
52925
22621
82317
52686
54540
88700
41540
71899
67859
19127
99444
31641
48656
2075
42830
46582
88535
38406
22865
96952
74990
35446
29129
40040
39707
58844
21882
80371
67169
41807
23
13422
92128
1419
70688
94434
19993
84202
53073
111
73708
83246
92055
48766
65384
308
34750
89283
30420
86388
17990
20427
80327
90667
81802
61726
32354
98672
11559
24826
33296
9063
92402
51602
15409
96137
20374
26533
49889
93851
95786
75492
1154
68832
53345
76708
79947
57315
78670
35683
78074
3039
33493
81895
73578
80289
62326
27872
99371
70008
26623
93
8488
46537
5011
72843
64354
68644
97324
87308
52977
87558
866
22183
45334
13839
15229
29329
26066
94205
45917
49184
17646
39000
90209
10806
9697
16582
44564
15443
81102
25063
21051
78503
95139
81317
93141
92597
7044
31658
87095
46570
33701
54790
29146
43148
30339
57830
89228
22249
23950
39195
60448
19479
27886
42405
11173
42335
81179
9061
75308
12853
58791
61274
8562
39965
12055
66020
15003
3984
90696
69579
53062
29788
79724
62319
92726
7457
30291
20648
8527
76278
35846
21867
55923
87747
39056
84731
34221
22739
19882
6064
56825
18266
49651
68231
49347
1315
63210
21636
40263
54932
21176
47638
11654
48075
67502
68547
25770
76424
33817
21530
83345
24031
73548
88140
80790
78714
71596
91762
50255
9039
53278
79512
61168
7744
34263
74591
42299
27396
88582
57462
15215
24504
70164
18790
44304
41458
86085
47134
50277
83670
95529
54037
84769
25872
63075
70881
53657
49389
34953
98746
59028
40992
12727
50661
65819
46881
52069
59315
48208
81728
11882
3346
9851
70534
16662
87749
36879
74841
59922
42404
99393
77293
22200
31546
7992
32111
3647
33602
84397
43973
55714
72342
21949
81904
16990
76689
87931
19353
12695
44021
76536
81331
91013
78387
20812
22872
62998
11577
60404
5238
45791
71998
69647
89918
95336
3289
72745
30827
3838
92132
44858
72676
19918
66904
72133
59039
47363
50486
73635
19541
44042
98825
10637
65815
24369
18889
23950
79211
94254
44735
93585
38262
219
291
82590
92535
40283
4907
9491
16657
95529
58843
55557
9661
21639
91381
26951
59940
74407
3317
12118
27242
73181
55976
38759
30876
50796
94834
94348
31195
62833
9749
49433
48722
11217
48613
66958
64410
55398
14644
50488
45367
95449
52612
83821
53556
14275
31174
32125
63837
78594
67924
9806
1907
9105
53501
41526
59217
93785
96938
32297
18400
92211
10248
89919
22257
83135
15419
70032
37231
31078
47195
53339
97637
69969
45855
26642
42086
80477
70754
71701
8661
30188
34958
33785
7549
66095
51373
37706
19776
85127
63014
81333
20216
16414
49221
92627
31021
7383
7445
63609
30888
90136
22161
53523
93722
1440
59974
90868
26337
58584
41404
49172
47408
62549
64229
61448
64855
49273
86039
87496
51476
78150
20002
36605
71684
15003
69905
37380
44053
63398
56364
59825
85830
91950
30753
60735
54839
32339
77261
92178
47791
37949
64461
75917
11151
6707
84321
63022
30269
23098
66906
65689
1661
84997
96073
85302
97690
36567
64243
23241
81735
71526
29470
44971
17407
16055
55017
36791
88567
50947
34510
95051
18189
34733
79496
41501
15823
33436
19313
43975
98331
1562
77571
59918
47033
3001
53353
82736
42937
90206
46595
9455
88750
93197
90904
94199
16789
68303
69216
57923
3634
13721
48396
88797
67053
80828
85028
95591
66877
35081
7915
61529
99357
96485
37996
71741
80932
19652
90243
98604
61397
48538
64230
54473
35722
46863
87950
48049
28364
22018
54853
64828
44999
19017
47178
41299
78433
70722
84203
39670
57098
23207
85056
23646
29982
76496
80930
43502
52010
99459
53507
83547
45780
88637
14801
89254
77142
94817
11985
70747
63658
4887
4153
85215
56471
22868
25709
42794
51909
16509
1066
59915
73653
64876
91438
36925
91101
13670
8942
62586
7639
75615
17432
41756
13045
97837
89959
20109
1677
93748
21583
39451
78502
8088
36685
15684
39155
34521
76546
93530
39888
56669
69449
96154
17348
12738
8825
99648
64235
42423
17988
32148
99082
56160
75580
50041
90606
59980
43656
9791
92494
4164
47136
22149
98491
28383
69412
61421
12224
19878
70072
13319
25564
28454
94362
39627
12895
16039
4419
69169
96977
64648
13794
72843
74566
64965
79965
44624
6748
30138
25153
38305
24798
44846
97092
92256
86408
62517
84579
36957
48910
51369
44330
44804
31582
50958
30189
20084
32593
41657
48480
56700
22623
41559
90327
46934
49025
10154
10078
69916
7093
15151
92789
88067
23963
70646
50957
99433
34151
13555
40239
18925
7472
37865
52229
97210
46947
48617
30572
62184
41887
45112
53920
84272
61935
87869
90792
76191
4706
98449
13743
96909
79866
88223
69912
23698
78947
98952
53683
3969
9262
17904
23265
16680
53812
88442
64215
76724
53337
84115
80543
93987
95417
90166
31667
37870
61753
93574
12005
74724
6866
87424
11644
73142
31205
89115
2695
23975
9122
24749
91180
35402
18452
17601
95094
10554
90623
63265
67178
7832
50402
73840
83028
45729
97706
99616
72933
82086
52265
39524
47061
31169
90108
12208
91913
72801
57365
28055
80028
29106
16053
84211
32712
35508
41692
9935
73949
31555
36895
4541
22248
35168
36014
91526
50202
29436
55655
71551
57759
64128
91055
67629
29685
35379
30450
41821
46093
59405
90752
86326
25227
92779
66619
43164
4507
1340
93190
64404
65899
76015
40737
20041
91248
78111
75985
78014
5167
54449
56173
28297
72381
50522
43061
96154
67001
85853
51824
46722
18841
46234
63130
16954
61320
38107
44221
4421
65012
13498
18879
30500
36337
10694
49456
16921
38682
81411
90866
80035
96393
82828
74444
29936
48443
45658
91141
68825
933
76920
17803
5826
4438
83316
30904
5501
62926
82454
64145
65204
86215
44441
31326
61632
85636
11343
33799
33061
43233
98539
81931
57406
96451
26357
89062
63770
62969
90996
96841
36116
98508
70159
6815
12140
25494
34378
84754
69438
44118
10679
52784
90162
80980
34372
80081
33769
94498
47096
9780
37032
92990
89905
18033
42378
3512
80774
31684
97918
58402
37629
79249
71706
34336
39118
71778
32750
45447
87797
18869
55362
72969
51854
4300
45974
4156
26254
57147
91131
99822
63015
66243
8468
10299
85719
25751
5752
28501
14539
15748
26330
1692
21883
90359
39168
52197
61486
28636
97500
60715
96659
35270
73488
62585
19760
57963
17908
2953
39455
40946
73949
18386
90959
88415
76369
32023
97132
38540
93676
67966
80806
106
78975
25986
64350
76018
84280
21027
31082
15450
80041
27169
58798
61137
39376
59717
31551
51692
63840
20776
86336
90195
81369
6673
3451
55530
94938
71014
27607
47326
87509
66911
70177
18468
2055
45760
51775
7144
58335
5351
15583
1556
64826
25117
93728
28105
87219
33769
25500
8265
93894
12533
34902
62523
59259
59315
62809
92923
21968
97849
45579
69153
15064
43295
55961
11543
94201
10321
55166
27098
8350
6748
27112
20013
20549
39205
61917
66154
62671
97858
55189
53371
81041
93607
77047
17196
84660
82316
4894
32280
7684
7239
8773
19809
68975
81842
10701
84908
12358
33517
62502
86127
82357
13998
44885
11727
87142
86444
88457
75725
20623
42594
82229
79405
42695
12105
94477
88134
54434
2865
55022
31556
76161
48781
64444
96663
82975
71033
95952
2180
58470
74128
7099
47571
79781
2925
98443
2078
23934
2885
28020
91575
43827
77848
75693
28503
7366
24183
58612
58382
19864
54087
21837
40010
58189
2419
73643
35776
64623
12183
43333
4918
87664
42906
67120
91933
31081
25804
893
25558
47081
36055
68040
15815
76665
69536
76231
29147
70647
78041
29868
20647
7853
66157
5839
10582
14765
9659
35240
24611
89490
85151
75402
74617
54903
95339
30248
89202
93214
82623
58921
87742
34091
26709
44815
93446
39431
61903
98754
40692
73390
15668
41387
43169
90828
6004
60532
24486
85473
42001
95718
20312
80119
98889
33427
28907
37850
83466
58467
3935
39227
89014
15291
89690
4602
32687
17126
60760
49792
12977
18238
57444
18164
94058
53700
33362
55165
67685
33241
85939
64925
81874
64594
45285
16341
46524
57256
41014
51355
45190
15920
35254
74292
83207
14059
93387
494
9870
58699
40080
10724
64613
31990
9349
8205
77445
74838
44081
44367
84895
11815
73480
62079
77682
56131
97721
80415
60493
25998
93835
69052
850
49108
16953
78599
13815
89268
65528
84259
42611
48206
77520
82769
73186
34358
7711
26563
60853
59767
73540
34596
89505
2597
51045
8466
94095
24619
29592
18017
72982
10181
58442
10697
63023
97309
20609
15607
2360
57382
53064
34718
6274
50181
15104
95561
20238
2489
44929
27269
8717
85887
67250
70460
91986
24443
37194
59464
71805
28030
48659
90522
54039
79666
64945
90899
59292
5810
31310
77938
83239
90771
15917
93374
55202
90077
86297
70765
94870
30774
69075
42051
18040
83551
25327
66988
58077
81531
40167
33278
89949
46210
85440
36636
17876
70766
29851
2433
77240
28768
83875
4295
16233
718
62217
86855
84484
67390
27943
16773
65724
77305
95927
50031
45164
74875
27590
15463
88085
88511
50750
60518
32022
27043
53580
72978
9655
96587
77243
4240
27186
53347
67715
3151
48185
79222
51334
85802
75199
69008
30485
77266
91872
56425
95674
57007
4702
72682
53473
84344
75336
63590
69810
14655
73074
74918
81158
90992
28850
84742
6345
17494
41483
61242
24098
28671
25405
41686
67576
87773
47278
44031
69345
81698
99972
14002
4238
11252
63161
48599
36126
96116
97059
13779
32627
78074
10800
41609
55696
88016
18728
97494
10129
86830
51759
62508
14546
87059
22721
62784
59915
43070
27248
53527
90829
61451
33187
26689
93721
60131
11450
69744
99591
1322
96039
50854
76001
28561
213
99944
70662
95053
52898
85766
63374
64866
85644
43128
25996
37065
16060
12967
64787
56600
42042
5440
40498
35753
68926
99864
62407
47726
26668
44739
77206
58474
79741
25161
9515
95710
74498
64476
74173
98335
72049
97606
65927
72198
64761
31948
3483
77846
20823
31113
49651
62759
32945
50706
9036
87617
86696
32002
42848
5243
76450
67316
19295
89545
61537
12846
58748
83472
62788
65748
58609
74237
92598
95199
91024
76649
88046
91836
91733
77873
34699
97327
92706
70917
76399
73595
6406
41989
14253
22168
70420
90151
99640
38841
16376
18213
14817
89815
47766
46060
7486
17314
35346
6681
74646
2305
38538
69072
19558
10551
71514
50589
25516
72234
7465
37814
46045
20150
88392
86383
6288
72253
79923
67135
20577
32912
89005
63227
73918
22680
50695
38706
97652
66881
3445
35151
30287
78168
63983
83423
49363
30480
99509
91439
99242
99136
75378
67756
84963
99409
56963
69446
1124
43198
39726
92306
59043
18822
14008
95780
95488
27686
76432
27212
78892
91280
40479
17944
66222
81005
75371
62310
98326
27570
13388
32559
67161
69757
28207
78922
76874
84871
39641
78743
48961
84582
19352
98401
83239
16750
45618
60110
58480
19770
6112
65538
61297
93243
93375
44566
26480
1000
72772
37589
32919
987
12307
67168
60210
58934
91364
74843
2543
32942
60509
17177
21663
65286
98051
26388
32987
60089
25852
16092
41813
75479
64080
53925
92054
96821
67598
91578
40838
74985
7640
30834
92590
22816
37261
85160
97514
19708
81872
66557
6307
85745
94063
61782
42510
29349
93174
13299
49027
2691
18365
12067
59256
30106
96108
80978
63282
29357
54046
14295
13144
93842
20187
15019
53470
24067
17512
36109
45135
40830
89751
33684
77234
32349
62046
1571
21736
824
55142
88225
98416
25821
97993
6743
55867
77617
75175
98569
74038
85806
27629
2578
2990
3289
89700
48465
98152
22377
7205
33372
5262
70324
77905
9832
74036
31156
67210
31344
87729
31771
79179
60680
82192
10806
2697
67061
14174
84749
29150
99556
87546
87922
87081
41902
9744
57429
39744
30188
46929
81193
736
96235
41339
74252
82953
9962
96126
70372
32157
7068
113
94583
55572
95642
2410
91162
35897
25476
87434
43689
58085
62639
64139
71133
41739
7534
48087
51992
13535
90295
40388
54186
36071
39106
80401
79505
40817
87304
30074
84041
22096
74486
24818
29650
93522
51126
94195
62268
15180
77888
80521
7372
70100
17280
81266
53050
14663
94632
44137
76485
88474
84697
46626
83988
41888
71833
49965
19266
42977
93247
24193
35575
17871
28921
37499
14673
73103
44556
55513
34837
44512
25696
69635
98818
15798
22817
67215
81736
1773
9754
48932
70512
19653
25848
92801
76997
58899
21885
17891
80089
37486
32907
64473
77358
21556
47156
65787
10483
35848
78760
13441
41646
26935
38713
63556
99753
20295
98354
28767
23282
9474
7748
79855
54050
12060
64017
34710
49857
73394
49575
28947
81261
39784
34102
70664
48782
23362
67945
14981
73659
95056
60227
38601
64978
83830
35266
21073
17166
45527
56766
11117
19078
96256
42293
77755
64194
43906
32903
3487
64463
81615
3335
84138
57000
51208
31807
18718
55909
91529
45880
67038
75272
43123
24505
21956
89012
44881
5083
65334
72026
32806
93400
81086
50078
24917
51285
78021
23654
61939
56136
70424
66571
76846
67233
75528
50823
34186
12353
73724
768
95294
3374
1479
1860
255
17324
93140
86355
30155
3212
80040
80970
54839
26840
96999
3506
72574
8366
33281
25817
6563
47231
69816
862
29033
96696
85048
94289
20455
53074
13306
81963
6847
20986
56200
96744
63053
66330
51469
86414
40801
35244
34066
25253
73860
92057
52450
23221
99643
27956
42206
89232
60690
82094
76076
88254
78459
8139
98001
42073
6782
97266
24413
96808
54145
13331
57998
95685
69898
10273
28985
37119
40559
76833
88665
13355
18016
5845
52051
78618
20047
34296
16836
29350
23363
98762
53425
99036
6655
13930
80916
84924
87031
45409
75435
61519
18628
97551
83446
41232
33616
75545
40694
54426
22336
18187
92212
70946
54234
18766
6983
63032
39647
60328
92803
88545
25857
41174
3480
86156
60881
74875
95950
29460
59642
61859
42987
38943
18018
57068
44323
20350
34969
13562
9190
80210
37302
18845
31679
75325
23095
77075
1388
68106
92085
13427
73273
13948
86909
34293
21870
84386
95484
10956
16185
534
31408
66914
23883
25337
739
68568
92680
29337
65108
95538
63325
92071
17790
47377
27750
26310
21118
73429
42525
76443
42131
33801
95835
57903
13214
93844
36603
9759
21299
51695
90489
58515
38984
42617
92371
92672
83552
69033
25488
46352
95728
74262
39224
8843
63178
8237
43090
41118
80538
43131
92113
68628
33653
93467
43287
25061
47161
47172
7741
40427
73359
55258
97505
91363
70321
6188
10719
93663
71370
30595
13185
10505
88192
67113
32106
1746
90127
89765
66872
88251
46562
52757
99861
58627
75579
36619
41700
65911
74046
61913
27855
34458
61155
12452
16200
42999
94120
60980
35916
61857
7637
8035
60018
28072
28388
61861
49321
7252
79309
37522
9703
12749
39194
37497
63251
45482
14502
30007
97466
44535
66362
98086
7610
38650
51425
29299
3387
45488
53909
30049
31372
68929
11033
16070
83343
73049
14381
46574
75880
14472
59498
74600
18054
80784
95292
73790
48644
1911
2582
60353
11992
69718
80973
64466
49973
21519
14214
19936
82694
93979
92275
96252
35921
82233
64480
55799
59375
5082
20984
23013
95420
29691
85371
33930
55513
27333
90529
45933
65526
85466
39638
22190
87821
51182
42151
41304
31010
19721
32017
92226
93995
52595
76317
19481
57571
44243
82982
54958
58475
46332
81457
3655
87852
73436
21630
63562
52504
82113
19989
33543
39456
41483
23645
3258
31402
88968
38906
10756
79720
96553
44119
22140
64364
94530
88702
25336
9074
60869
23173
92134
27382
4030
9894
32448
56795
77525
75709
23146
23213
47522
35690
54060
73752
95581
83010
63982
54925
72843
27462
55462
98583
66780
19414
26680
90029
85546
66989
88025
39183
88749
8082
26123
10250
65703
50897
28838
44407
58006
19087
14709
18007
23633
92144
94095
75266
75317
27206
77509
59376
36265
40146
62992
3649
6236
60779
95987
90411
95632
75700
22657
30412
95072
80749
55465
10385
74570
88249
77179
95340
55695
77720
68544
95906
59586
8965
39319
6566
80676
33953
86609
19882
98332
43832
289
50396
4403
74088
86935
39499
60180
21316
6771
70652
77875
51187
90750
55482
95772
78404
84796
32224
36306
2181
42448
59813
34739
49584
88530
34616
50027
12201
32571
92851
44324
89305
79184
43694
10760
44793
86489
99062
55259
65957
70259
48116
38859
67386
58021
28276
35229
77683
62565
56047
79247
48999
28297
4940
27016
39644
36754
99226
48338
75319
42142
56768
48826
38653
12282
88577
74919
56466
11039
86648
26625
11340
72082
59352
88667
18694
21978
97460
40283
46764
74399
75161
70
16164
25541
25581
52136
68652
85469
69858
1621
10353
55038
21539
999
34090
1558
11878
14700
58909
94338
71101
70512
44305
4791
3426
29056
33120
8595
12017
40106
77355
38774
49967
509
14464
70815
93121
91044
79566
87488
73527
55904
85263
43294
89772
44067
26885
49174
36964
79601
32519
85616
10496
52213
30573
12917
53818
22908
64417
56784
10374
84700
44078
46835
89739
21857
7021
82585
14032
8788
82684
93006
17901
34060
22348
5968
22941
4411
52867
95720
15776
97524
9321
37428
34983
96874
51803
48320
52410
10775
57209
37406
21276
27957
30443
30906
43661
41996
52080
4149
72320
43609
82972
83084
61748
7625
22195
23949
29679
51062
16550
95751
77422
4494
48859
39570
66606
63683
65365
28740
98692
87291
29975
31446
68216
90749
17464
85340
37545
67379
9970
10518
56511
10961
42913
85327
55406
38947
43329
78445
27688
74016
76217
45792
14682
67327
67448
3416
89785
27115
73786
98320
96038
94997
62858
36692
80833
76704
99510
28648
39541
26558
93403
61840
3515
88042
8376
96057
34719
98076
17414
90621
63454
39040
35398
79728
20719
70192
74423
42968
64168
43224
73530
24173
45902
78137
24817
52789
44187
24230
5979
61608
79092
91533
52545
5055
28995
42337
33764
44666
54543
30018
21013
32404
76353
35208
40691
79985
70266
21312
36213
45155
74180
46159
62229
88682
75799
70368
64086
96478
25372
41741
82304
87107
10831
27021
14858
43205
74812
66395
92147
49461
35507
86038
94712
74722
79466
19228
63938
79534
65017
74164
65964
83308
54759
21084
96361
57752
40987
20001
27736
96650
82692
90728
62467
81157
19568
12735
50610
29363
35309
94972
52237
54088
9510
53703
9713
67110
12768
49003
62087
2923
61356
20117
32281
42122
64813
89848
64244
34284
8863
86341
93040
29531
23596
57526
74530
84174
41148
88439
98931
80109
45740
37743
21999
35672
55856
28194
80951
76166
94575
57629
53413
1253
7076
19464
28203
61408
30168
48158
57396
31136
26273
82938
77677
21149
59387
67760
54508
32577
29895
62908
4088
42867
20749
15212
2380
95882
13613
31214
96795
22390
19583
86804
78872
78739
72260
78351
68875
58167
57991
35981
51105
47412
44305
22235
34463
82928
38539
76085
51716
60336
75547
35357
69677
76424
49124
90685
27414
99153
45231
72070
15613
35741
10600
3313
87006
51779
75263
59203
6259
54093
39040
39422
54047
25107
39876
17476
35804
94481
21506
75291
83505
68266
37769
63045
55836
58811
67206
99646
66913
98217
27290
88540
19670
87233
22076
1629
30786
6046
86579
49083
98236
66771
51228
49127
69640
72665
75595
11854
33436
89447
56939
39230
76206
57217
59561
4309
30498
77910
44267
13381
93124
87728
75393
8069
75178
63366
55044
56750
93620
83115
27727
83538
23633
23787
76352
23913
79619
21380
63268
88793
71819
91182
16542
44139
87363
19789
54614
11854
82106
58401
42591
76193
66024
91490
22379
71358
14802
2305
51410
16811
60328
43279
79021
51910
94894
43379
84981
11280
38379
29567
7689
18492
76172
79331
41615
55226
9548
66914
49003
55033
52272
41149
57225
48728
17294
70695
23509
94513
10535
60863
17956
10044
34036
17939
89402
59589
39775
97919
50519
68794
40161
83716
47386
71934
87757
8533
85784
42833
65712
60148
30166
1891
73875
1614
12389
15526
1102
60498
15170
70603
2770
13845
87284
79906
78056
74811
5164
33322
185
57925
97799
54376
56915
57502
68457
63430
84765
12787
47725
59285
88870
48791
12667
95771
51055
95889
96166
22948
88861
54840
59329
9841
20822
98302
8762
54343
47625
19884
7575
37297
48996
41643
12069
14618
37846
37455
54613
41748
83316
55632
58490
66998
54624
81924
87067
29387
54694
3733
79976
16268
28616
89120
76291
5772
36926
98213
20586
99317
97048
46653
79612
66986
22247
19856
68800
69086
88182
15992
35383
90446
16242
64119
14601
39612
48579
70666
50623
27466
32305
22926
15035
72503
64397
14792
49563
82305
83226
88364
88214
41424
98820
66654
21289
94692
41435
38492
59513
84679
73327
2838
3180
21920
42413
96455
23091
73934
16566
81667
31970
48239
5616
76654
74020
35407
95975
37360
88291
99062
72269
35359
25141
58861
963
13262
32226
13945
11889
155
86439
13060
71944
41443
90978
85540
85608
54725
33858
50370
94517
10017
57706
44319
13681
90540
38258
68740
99660
33287
76273
60623
52136
24461
64521
58961
25554
42449
98662
42281
85351
16948
3516
36009
91355
75015
66776
14740
30810
72813
89218
73030
21408
12610
64156
19189
63014
39894
7240
48287
32877
7496
71009
38235
12332
97084
92040
8183
39002
28948
85776
76303
43156
40030
36905
48896
48770
18841
43960
88551
8669
4108
65991
33241
93463
71625
26206
36107
46710
33609
91949
13371
34321
96530
55701
86178
62640
79746
10177
62224
83583
45954
93224
93806
98904
12718
47133
25750
34413
94073
94921
88789
43171
47573
98711
2966
21536
33916
77796
8853
40411
10612
73122
67141
16239
46856
50160
6070
50294
8461
12791
34728
34903
59009
23655
73572
20059
91621
46260
24128
71118
86111
76955
768
86412
13430
68816
41429
64510
53861
36674
94067
46059
44566
80174
81217
61600
42314
95488
77134
38856
97633
88086
3541
8225
96407
68987
12933
12106
88217
15349
28942
12972
18713
24696
62450
19192
29054
89198
74721
91496
93894
44488
96759
78194
32807
94025
5186
38790
23144
29022
71426
46171
2354
18010
92570
52457
1714
87047
29764
82761
30810
4261
89948
61058
8779
25408
55223
76205
57235
77860
25631
89757
89958
65672
19663
4199
77397
8819
84787
14721
95527
85540
48965
742
96025
84745
42108
44851
68124
77541
14772
16732
50953
75128
36466
16664
64799
92089
26964
11498
5363
17320
77546
62559
43811
39170
35589
60432
41405
49111
75363
73388
38994
76647
70015
67279
90441
5082
79866
40058
85298
84386
46183
32351
86059
38272
48235
2150
98353
15963
14491
36937
91136
75688
53428
17907
74941
72792
70610
54662
89859
42360
64912
64891
54049
38535
97416
83379
26899
70042
9953
18448
99189
97944
8610
97886
62920
9379
91921
25667
99114
65752
93647
71032
30341
28469
67171
5646
65694
54136
15525
74535
70035
54681
51676
81837
68974
62531
10312
92377
34541
26756
59856
5929
92934
38968
10716
70003
12684
7883
58069
75969
75942
60928
6995
48222
7038
851
19174
19868
57142
35086
73803
84424
41004
28203
18260
27491
69517
32909
92705
31495
63655
24264
62399
1564
94750
75570
696
98411
53499
12602
77994
21832
97845
40629
2848
28724
53251
40401
12035
45265
2408
20011
74536
39127
65602
3073
95219
94460
208
68950
55010
50949
13713
69830
22019
48904
9770
72816
52699
75589
9232
76601
20696
24324
49305
63636
36301
68356
59539
61807
88275
18790
29508
12742
55096
51241
84255
53802
5638
82613
92026
33002
20048
55725
51322
89870
474
30288
67565
56420
13900
86094
17024
483
19357
34185
16022
13648
40353
68852
93077
50513
90269
72773
14308
13126
1873
4813
55508
89806
96613
88185
49039
13496
65502
29944
7166
93255
35166
1290
22095
53997
36983
46068
3229
47684
44352
27918
12552
67664
53165
57947
32645
15321
59333
87233
79483
46004
65358
39619
48205
17358
32271
89784
17898
52240
38497
85025
45029
50926
40347
38670
73433
71106
4262
86128
93096
47082
27352
27436
99122
39619
76442
53286
36903
80271
16713
73071
5395
55052
80513
90343
63711
27008
73600
37531
16454
47730
54152
33344
36813
85908
27771
35547
71321
4959
88903
21839
39532
16186
55883
77208
46199
22221
15792
76030
21371
52018
62691
12084
32227
10357
96047
49379
44158
70868
4591
35396
13457
13575
48740
19642
83497
38227
66129
86659
53446
424
18018
13143
99021
49538
4034
66083
75321
30417
78201
43881
59780
2755
3510
16439
43457
87774
73597
82262
41749
50706
12045
57585
6863
33066
47766
46096
53919
90254
65505
81919
58589
13188
9940
8823
77793
87188
68530
81708
74966
95803
57741
82492
25468
53198
10517
47340
75419
86665
88221
79428
17136
24476
19440
23000
87346
88859
21487
32721
53929
9281
44246
8364
23445
4580
30907
77124
95759
64683
55643
19023
50764
89048
64556
35013
12544
79294
40858
67494
62788
53674
73481
24026
95657
93489
75660
60585
56697
60913
9548
68140
64634
42753
14106
35242
46336
7760
85605
52238
52123
43576
86787
78154
77567
8597
97390
86039
3707
6746
83544
93769
92374
19143
6079
68738
90317
33562
18288
47835
44858
82722
91734
34555
62091
79489
50294
70935
87237
73609
43494
97153
45551
97569
44885
75540
79033
61811
12565
44181
74002
98736
73479
59262
63533
1169
5807
90741
87826
86895
13111
89825
70146
75875
40992
28515
94140
13703
6308
88022
37072
87066
98724
13744
31315
78753
3013
89263
65026
68291
87690
92549
29742
91932
46145
29161
44993
18697
42987
10384
68467
90765
40333
80942
37219
87816
81241
67944
93012
26776
68171
49937
11250
48480
1313
59293
70515
77180
92948
87384
81369
65490
53420
89335
74447
35320
57831
66836
75528
73630
21206
77840
45151
16693
92963
16655
22547
56069
34065
48864
40105
77643
30443
61135
73299
82639
21835
78135
94875
28595
90299
42441
30763
82810
47096
84750
23208
97002
67553
28613
6870
28499
12273
19204
37398
57348
62875
78389
51884
34597
85195
38881
54500
77124
1305
96284
90098
26733
90747
6633
64198
88968
98421
17627
77050
67514
68958
6996
99027
92096
1625
426
2674
70468
64775
16432
96619
99318
2163
11291
36399
97829
60627
62354
55752
12951
32514
26980
87865
7676
27132
46120
49468
57519
20673
87544
88574
71546
7683
51312
6227
23878
60984
40492
25787
57963
51412
55150
54192
31604
42209
25205
72256
13375
76251
8342
99538
50469
47835
84552
31120
13913
11175
10532
91667
86028
10427
81142
44199
79841
17853
52771
61241
20165
75022
88580
98670
79642
21370
14225
24356
52234
65095
3904
79091
31169
42678
465
25938
76642
43283
22790
71731
77105
42817
6077
54511
31255
60685
93192
24836
1900
71195
27689
97416
72490
49274
41898
66692
18187
98023
76009
6289
59457
88989
74392
83160
37128
49219
94344
40308
69569
23138
40191
53032
6549
63530
20751
19817
86048
7598
83070
26064
91132
63811
22852
90248
12821
61902
65215
97658
40666
97133
34111
65791
52103
70884
64345
45078
99676
34062
72867
89167
91965
32834
79285
19028
53586
24022
65763
36797
27096
54995
22127
2332
89918
51949
15236
13547
78348
36753
14043
5122
51744
88463
46967
22643
20873
57682
11401
81408
97742
76329
12537
27749
7393
73523
7923
59218
81701
7346
23358
27143
33071
40052
58892
77099
51866
41174
93349
61741
46382
45826
33115
86596
66974
53648
28076
75052
94840
39815
23884
36769
82640
30681
58489
97032
31294
1136
11678
41775
89592
78903
8294
18757
87034
86379
44564
84023
96444
43521
78340
35170
54264
2908
1420
39615
55596
61706
48473
40595
11811
95171
31583
76463
88581
1597
97111
58386
7747
45115
50820
58567
51891
88577
91647
36325
84676
3822
60168
82880
42800
27609
76070
75109
51617
69877
47337
47612
71842
99456
72141
26084
53541
88093
49619
8396
39056
1398
73460
47013
66990
86058
41630
384
32154
9383
194
50096
4999
78540
17648
38693
4848
1458
72876
38493
53066
65064
38326
50553
20198
27076
79976
75873
39666
40330
28457
55171
90302
16054
59734
89734
88270
62018
88404
13726
31691
42279
87750
25123
47336
29804
50487
5305
20646
14098
24837
89189
68298
67954
94183
40219
2753
74185
47709
65840
91826
90916
68633
12181
84649
77890
39300
15674
92159
71168
45628
46757
36857
78053
35406
92924
65873
58334
56597
16546
59234
90665
81933
44077
47400
7674
80404
84459
87569
53914
23261
19523
9923
48990
25228
52198
26454
11678
30088
5358
668
73122
21598
52878
88970
2448
75883
87670
78382
31461
91807
24708
41540
11901
16276
56879
40516
54293
42520
27881
18617
48969
77281
9223
88558
48566
6986
59932
43637
36047
82368
95473
27521
87173
35234
76912
36099
23754
20776
30701
19790
82430
26671
84654
92166
42368
1988
81572
27084
53281
29283
4575
52207
79215
76045
84046
76894
78184
30809
12898
15574
34178
50590
81383
42492
65456
49723
39388
85529
13873
25297
30435
45901
27053
35105
21171
709
89478
56619
21721
92730
37253
69135
65155
31857
58704
43761
42220
13197
65245
34493
85790
64497
97921
32538
48532
84433
86833
13089
8995
65854
3134
3310
7432
86913
54713
92211
44667
35770
33894
22839
12077
8071
82912
64613
85497
47702
85938
28128
39899
52201
85710
8114
4182
71977
52426
10133
56268
37241
51087
47062
66809
34657
74749
9824
94220
26158
49159
83332
50723
44995
31811
56928
86336
17140
39858
51537
10547
35703
51106
85973
78271
14807
32905
11467
83562
31389
18982
22104
65916
70999
97718
25881
32869
25640
734
20048
23093
74332
2435
10259
17303
94024
14300
53259
55639
63321
28955
49524
86458
2015
82018
5845
24278
84425
14801
73264
91511
21614
52248
61640
98037
22538
42766
43242
18897
6466
80691
6582
95119
76284
34036
31903
8697
74467
8782
94288
92357
47339
10425
53451
37235
98069
79217
15519
50939
92511
99965
45103
12576
84468
4069
78837
1300
85664
79601
56309
79301
15072
48896
20990
23089
75994
82950
52599
39331
20785
28592
67036
67094
85132
13123
60510
48212
23634
65266
14485
75696
70835
97331
40035
6592
69996
52467
49826
98088
17512
59060
8115
29938
82031
70583
16231
44592
12380
49275
59160
48982
52732
93923
39901
62820
69952
38936
37477
97250
34743
49137
85473
88945
31987
81653
20342
485
96861
89081
42067
51988
88236
20458
49449
72608
12532
67
59379
63549
51992
93665
83471
62693
35837
27579
55140
36214
7980
84631
82404
23253
1244
17512
69245
22772
46029
99960
65396
79098
6093
72625
83081
60520
29509
84070
38655
73771
81951
38013
54743
23814
27487
44997
73012
13192
75692
19550
58449
24044
30726
9714
90577
96495
6724
65247
16380
32059
70308
41716
61446
13372
60312
47461
110
78047
13690
2205
52259
21303
95823
14184
4301
81325
34431
14660
12621
99849
11232
32860
72618
82774
26841
58517
8178
1314
56443
90350
70885
53888
88591
88358
76160
21847
12514
82433
50584
32432
76364
25052
4427
90972
25564
41014
24934
68517
15819
84357
1710
14127
54885
97923
74772
76245
75500
89718
22515
96894
54403
58192
29951
39648
60554
48009
7295
53370
76857
12717
94148
17101
1151
77718
64918
24719
27396
93134
13570
38297
97156
97940
56738
52978
39061
18687
29385
38766
66557
53866
48663
43213
87412
38376
62104
29984
95046
14614
244
52261
68497
28361
54837
89759
62115
3324
48785
23485
43199
95691
33469
83824
70151
36497
90972
3764
13515
74465
46225
63711
17004
77061
24020
31550
9417
30135
39196
2095
93446
4199
47126
50763
16606
13329
30337
64158
3243
84510
64225
18218
36410
5445
4627
29471
97192
70717
35334
37729
80145
63942
75826
20523
85169
14882
56108
94788
95910
50477
95617
61082
17040
69432
32025
31714
81509
30931
23377
84252
25875
25830
42510
99940
55179
14027
48742
147
34712
70352
85435
22277
23396
10986
96170
56416
69640
57541
96029
99603
22841
46828
21418
47190
39833
10654
91728
47967
30845
26239
78948
33797
24264
2696
25906
41291
43412
45470
41620
64441
25173
33800
95078
91023
73484
17327
10192
47642
94497
19758
48777
67642
57810
51817
70989
2738
63589
60540
89582
39835
85384
6724
43305
50112
11150
7503
86037
67954
13599
39804
35981
15816
42324
5419
6284
35522
93377
45746
9196
81471
81175
66537
63360
55274
27228
44621
42497
91936
71131
4390
81571
7772
34520
39126
97618
14990
32923
75407
5279
94620
59503
41100
54829
57864
26230
28009
68456
19594
71366
69941
64347
61359
4875
51524
67766
96534
74961
20347
95738
29765
49824
79847
41259
45977
90883
66614
34276
76714
95114
43783
26107
47502
90757
84201
50888
9694
1656
81160
24769
25936
5153
25114
41861
53688
4913
98824
19347
54263
42789
29790
93209
71251
82271
8759
37806
55464
31781
82765
72423
18541
22660
6446
27144
51576
15814
6251
5786
28365
89043
1570
89958
51760
67235
49567
71844
62435
14004
38487
89874
11509
76788
99287
58904
18420
36690
79984
51910
55839
41025
46611
30876
14970
29978
2545
42625
23855
21892
39970
48840
35827
48609
6286
70522
6747
95940
91017
92831
87509
31067
45786
46557
13373
89409
41320
41931
19633
44924
11952
54267
17931
16017
95580
91627
92245
51478
22400
99175
83318
4099
65090
83434
90333
798
38106
44807
44016
88267
56402
63968
27926
59855
91722
15614
77756
88099
34734
85570
92292
74289
58893
43735
15205
99927
82651
91744
10930
69778
2810
86105
44212
26850
22425
9842
12744
24621
71369
72430
33846
16105
95685
1118
24120
51300
30929
77498
36171
60563
12683
85905
77243
51892
26802
40947
77895
80357
43988
91593
27907
91778
50324
15438
1557
2435
33528
99816
69229
42560
82943
44372
20808
21924
91816
16558
34190
81192
81009
70452
96338
3424
33581
73017
53993
99426
84278
39678
25752
14468
15493
32487
88473
65578
63973
94980
21619
24118
41272
20047
64878
68743
4902
96294
1053
59482
73114
87499
24412
72961
95067
47597
17095
39116
63115
52274
33622
90863
68270
14725
56690
83534
17225
42950
39438
2875
66502
25363
22161
81080
21773
10979
75951
71146
38711
26572
62795
64728
53493
62562
92435
88952
7143
81122
99152
72887
93885
75103
87375
26642
58797
54600
93872
27121
71766
89749
77799
57059
18618
76263
51885
64992
45296
35511
89683
9425
69076
3031
63638
97989
96198
67932
80195
93912
56154
96360
63494
46730
30384
66623
43508
82203
6790
86848
10956
99064
46648
44577
22701
77553
90898
83
57616
38285
48502
21811
