1000
1841 1400
1896 485
373 881
1606 2338
745 685
432 1214
2160 103
938 1542
398 2454
400 1281
2189 1669
2074 569
1310 2300
1509 21
903 1904
124 93
191 1642
13 2120
715 1434
1359 1665
1222 1941
1069 2094
1340 812
1522 1508
1986 1329
339 1
555 76
1995 2367
773 1945
313 2083
380 464
12 547
1894 1828
553 1398
2286 1652
1873 2076
1314 2250
1450 270
1128 1931
365 1311
1925 388
265 2008
721 1897
1070 2311
1959 2018
1749 442
2211 1189
1534 1939
535 1447
1761 227
1710 760
47 957
469 1978
314 639
1585 906
1846 1818
1707 213
724 19
968 593
1622 935
1680 831
2207 1280
537 1164
1052 1684
2291 1641
1588 416
1603 599
405 978
1643 911
1991 1963
1440 657
296 478
56 2077
709 1752
1711 1258
1006 2082
1915 139
281 1618
992 183
1625 173
1443 2360
863 475
1270 749
2061 1474
1533 1762
826 2278
930 887
1056 1004
1584 756
2323 2364
150 1368
1595 1130
51 157
2480 2478
445 1471
2451 315
2410 720
2005 1861
2204 615
438 1462
430 1787
652 2264
1671 1721
1086 1121
2378 1888
1211 693
1289 920
189 2073
263 2413
533 407
2473 1266
896 1505
1942 367
487 2019
2394 2234
355 377
1405 391
620 2359
604 2096
1168 1971
2213 2114
493 1274
855 739
1491 517
623 2490
2180 653
1702 621
524 2044
276 692
2135 1119
1328 807
1738 1653
1397 2259
1906 40
310 1172
2136 484
2298 2238
632 389
420 167
701 212
274 2474
1556 590
1159 2270
528 1385
2488 925
196 2296
2252 1089
2481 1768
1495 655
250 610
1545 1953
1549 1619
1032 239
1093 1535
1982 1500
2316 904
347 223
2098 2446
1756 2332
718 631
107 2319
1376 2330
219 1673
1126 2075
2022 1797
1483 506
1454 966
627 151
1992 133
1458 908
758 1890
1806 2492
558 1607
254 144
2060 549
201 784
869 596
1565 1993
2257 2091
1017 1251
440 798
1166 2271
608 813
772 1676
1862 1839
865 2030
1067 231
913 1552
1432 148
1811 1215
123 521
862 2336
825 1229
8 2288
1299 2176
1408 562
937 2050
2376 801
1422 2398
965 346
690 205
2123 1936
187 441
1371 1046
857 503
363 777
1446 155
2483 437
820 460
1851 1789
226 1598
849 2465
2484 750
299 1809
1692 2301
1252 343
5 901
1714 1132
1294 867
955 700
1679 2254
949 923
369 482
1118 1589
2140 507
1718 1431
402 154
2356 1137
994 1746
2195 2124
1019 2218
1279 1523
217 491
53 2363
556 1960
1466 1387
1374 2196
494 327
695 2188
1001 764
1465 1696
1195 1351
1569 2086
1889 744
114 1035
65 1110
1435 735
2150 359
1272 1876
1591 2168
1191 120
1460 399
44 1116
2166 917
311 94
1938 1999
1112 953
1852 1303
603 2267
2222 436
98 70
1947 1449
1438 2126
844 2040
2402 526
413 1354
125 1498
952 1027
2109 712
1241 2447
424 1018
2493 28
116 1457
2415 1501
2012 2442
583 1629
2239 912
1611 1114
2407 568
2144 395
1468 1794
991 1708
64 1074
1651 178
1634 1271
1414 518
619 433
575 39
91 290
233 2232
959 2464
780 1244
589 408
500 529
1293 2421
78 2139
1105 2426
595 185
381 1002
1835 2292
1750 2339
140 1744
2001 660
136 285
1610 2404
449 1288
1315 771
2133 1394
308 2228
827 1506
316 57
1237 2258
694 684
1383 1893
1518 2392
2216 1826
323 1674
1778 1927
1602 350
2251 814
973 2425
1623 1658
677 1050
1866 2310
1065 443
796 1231
1655 576
2382 230
486 1520
543 2080
2325 48
492 516
332 2443
582 1544
1921 1716
1863 519
763 696
2335 1475
1747 498
2165 1630
1140 82
767 1343
1837 1952
2125 1521
301 1553
1453 512
2276 2116
770 1727
100 2101
602 1178
851 2345
2187 828
916 1649
1635 2026
1845 1525
2032 312
1783 1868
878 2240
658 2294
471 277
1106 875
1608 560
470 2193
423 972
1856 234
539 1977
247 342
1859 1964
1988 85
1219 617
2233 732
638 2282
1108 2115
2084 267
839 1948
1240 431
2016 510
69 376
2375 1785
166 2157
1597 1511
1327 160
665 2432
378 629
852 215
291 755
1583 17
2231 1709
2450 1010
984 2279
2205 1146
1020 2178
1016 1228
352 2272
394 2058
262 860
1935 3
751 1339
1039 876
1823 1836
2214 1199
2342 1325
45 1150
2017 190
1524 303
746 1998
570 948
1486 2143
858 725
2194 324
2052 272
75 880
1213 256
842 1352
1234 943
1937 1263
2185 513
35 1151
298 1885
1662 1538
2112 199
2081 1026
1667 1719
87 2423
241 2071
1616 2355
447 1264
1659 2153
988 848
805 1410
143 1586
1989 893
1136 1860
1965 387
1302 2401
944 2200
964 1930
108 1593
1459 874
2095 2088
2428 385
321 1233
99 1594
2236 1849
1102 1526
2479 287
1390 1023
1115 1705
132 522
1205 1245
101 1776
2351 1286
1212 221
1529 25
932 1735
1693 1221
774 941
541 1742
172 2113
1423 181
58 2477
2324 225
2229 1726
271 2070
1912 1853
682 666
821 1370
2419 1968
687 1301
1920 564
1883 476
54 1134
95 548
1672 2327
1044 1917
534 648
1660 1703
1247 137
468 1015
410 2456
872 2420
2399 2149
561 584
572 2489
2198 1284
2042 305
2343 1208
2395 1519
1260 829
1819 1285
757 1812
2305 1867
1364 1283
1940 990
713 1273
1907 1558
2110 624
1490 1096
1025 453
1571 2131
2358 1287
1210 1202
1504 2111
2500 446
1162 1668
1638 1694
1198 2384
90 142
1157 894
2057 628
1265 706
266 2065
1551 1216
2171 333
1226 676
1167 1874
1262 180
793 931
73 1786
559 1224
1821 1078
2217 797
1734 737
1184 131
1094 2253
351 2290
1754 864
118 1077
11 1599
372 2003
127 2309
2406 473
2087 59
1142 9
2372 1725
2495 1788
2386 622
795 1306
370 905
2475 1737
255 1156
879 1395
1804 1321
2498 1764
502 83
1255 728
2458 71
634 1843
2014 1740
2059 1577
1011 1373
870 457
1924 218
84 2441
1058 2202
1621 1961
1604 2350
1323 1349
209 1954
1822 1402
22 1238
1033 2210
1451 2010
1722 942
2390 1380
838 2274
2025 2496
1704 1816
1919 2199
1581 2381
1206 1587
483 799
1209 1361
833 2265
2029 52
1158 1648
956 1276
2148 1092
1365 1769
1767 2293
1780 1218
574 1886
1292 672
830 679
353 1034
1566 1857
248 2352
197 1976
2439 2121
2283 1040
149 2243
636 220
1476 836
24 2462
1082 60
1097 204
2329 1932
1109 282
1022 661
1990 1009
1236 1185
765 2034
1765 207
962 1072
2281 1100
334 2374
1190 252
1473 1239
1085 1404
2320 2449
1083 1484
2337 1152
2043 1382
1388 822
46 598
1560 783
2151 678
686 325
1644 382
2411 2287
2053 293
2227 2472
2263 2365
1278 2163
1129 330
947 300
1073 1539
1548 1970
1614 238
2106 1561
1372 1246
2308 488
1829 2054
766 705
489 128
1559 635
819 1163
2331 643
2460 273
2433 1943
1148 914
2064 716
2047 1902
531 2223
1729 1782
146 2466
1753 2416
2132 414
2247 1848
1267 1420
2368 1755
444 1353
386 42
2170 662
1031 1580
2403 1257
674 1838
708 63
1815 2307
1358 2322
2427 1911
565 1144
4 329
612 1820
1357 1881
1763 2396
1336 2371
981 1568
202 1177
2255 1207
2004 86
1300 509
409 1541
2440 1120
2103 782
2370 974
1295 587
645 286
1751 1036
982 2209
1066 1774
613 1335
611 818
1445 2361
1600 1687
1690 361
1045 866
554 374
1131 2418
1570 2245
490 785
1928 1478
985 288
1494 1133
1717 918
1169 2067
1369 1197
2468 668
900 1858
641 563
1871 868
1068 1592
1338 2162
2248 514
1485 2268
691 1557
649 2048
730 1415
936 1987
597 1363
2431 1840
340 495
577 504
117 422
1898 1913
105 1125
2093 203
2289 331
702 671
261 1413
240 2197
429 164
2118 2315
1135 710
616 1685
16 112
921 1531
1663 683
1892 1609
729 1217
792 295
1914 846
1337 1147
174 454
1969 1646
2256 625
2147 264
2220 1429
435 1396
1516 2000
2260 673
368 243
2055 1308
1235 479
1901 2024
1489 1790
601 670
689 1467
546 1502
1346 2173
1798 474
1775 62
1973 1910
1455 89
1127 1326
249 933
888 1933
567 1122
427 2154
322 1418
1701 734
993 1225
1686 1887
2184 1186
2100 43
2436 134
2453 898
816 1047
1712 1269
1664 591
472 1304
997 2099
2383 434
1139 1472
2046 843
800 1590
1983 336
2069 2357
891 787
1830 354
2333 411
268 412
317 1698
349 778
421 97
1813 2072
1715 1807
1675 832
1406 1181
1192 644
1030 2321
357 2129
697 650
2497 525
1386 393
1730 2306
1572 10
38 165
996 714
259 1461
1929 1512
1633 1499
1677 883
1456 654
1176 2241
1503 2369
2340 448
1309 854
278 208
1342 1793
1470 1407
2097 1805
580 2373
1220 1661
1895 1417
1356 1452
269 667
1781 902
1391 1825
1296 1624
2035 168
1540 1469
2007 456
302 726
1007 659
2385 2141
2225 1847
2235 2128
1650 1944
1024 115
1949 2244
1187 2105
1427 1958
27 847
1282 458
1573 79
61 1332
1227 741
1739 1362
607 283
2230 1298
1117 465
1048 41
379 104
289 1421
703 1261
439 1636
2326 1814
2349 2455
224 481
1188 946
1547 1013
2430 892
341 1426
1003 1934
1562 1348
455 2494
1996 2174
428 2400
1514 1290
647 711
1416 2387
2414 736
2164 1064
2092 326
630 2389
222 1732
2482 633
2422 37
425 192
1038 1389
1204 1098
1230 2186
2159 680
532 297
344 1029
909 1080
2219 817
2146 229
1528 1817
113 1350
594 731
1759 2104
1355 1075
2434 1792
1855 31
176 1161
2445 1833
1997 1951
186 2295
260 704
1496 1810
2459 1550
924 182
2028 1307
2388 954
1479 578
928 890
762 309
552 1728
1515 1107
419 733
126 1683
2485 752
1631 1748
2457 156
2015 2344
545 1513
2328 1249
88 49
1980 2302
463 33
970 2142
740 1517
1256 1433
2461 32
1201 2452
1507 501
1316 195
1802 1720
375 873
497 110
1063 2215
2085 742
318 36
2037 971
1193 1666
1081 1909
980 986
396 840
1773 1743
1345 2397
109 2068
1143 1695
987 895
2249 1770
74 1084
496 1042
1101 1628
1926 1344
1005 651
934 2273
1869 1179
2280 642
426 1203
417 889
2127 1149
791 1334
1745 66
2317 2347
1381 1640
802 1574
2476 2175
392 1253
1700 1318
761 1546
406 1670
508 1795
2172 2183
1277 1645
371 163
806 794
2063 823
2020 206
452 214
1492 1312
581 1297
2444 1111
1194 1850
2487 1878
2377 1543
669 320
1053 850
2237 2049
976 1054
1165 55
1095 1021
2469 995
1962 1055
2463 383
258 571
1699 1800
1232 837
1757 2021
1657 467
1393 1079
1464 922
1091 72
1242 1731
294 1827
1922 1706
1155 1160
1916 776
319 1554
1832 345
2304 505
1419 841
1477 566
1617 2242
585 1966
