1000 30
3442
5934
3176
2431
4524
6109
3998
9618
5149
2366
75
2400
9260
9222
2151
6930
6696
2012
7378
2771
1675
6262
6567
7589
9155
10098
4198
7117
7168
9279
6380
6000
4827
3047
1790
6019
8554
6952
10041
8510
3993
4598
2052
3253
3469
1923
8035
3015
1375
4754
6690
938
3776
2224
1193
9966
8782
8444
1738
6329
2565
2140
1195
6987
9351
8084
2214
7336
7052
6251
1834
8487
974
2776
4593
5031
1412
3835
7827
8231
4442
4063
2292
2837
224
5982
1912
4496
8698
667
3818
1516
4264
312
9158
1134
7589
9797
1260
1720
4366
1743
1834
2968
1316
2359
1513
2004
885
4757
4963
10110
8311
3001
5551
2093
3105
7593
1334
1135
7055
7977
7600
1612
8884
10062
122
8892
9035
8020
5023
6376
9963
8571
684
8679
8746
2652
1088
7714
9688
4425
8720
4252
4195
5649
2347
6720
9209
9345
7966
376
801
2304
9766
4651
2931
1887
78
8480
1855
3616
6759
10073
3076
6399
4636
2115
786
1103
8523
2095
3088
4748
6329
1797
2513
4470
5669
8655
2917
8517
8272
425
5800
9492
6511
2644
735
6518
2914
6016
5782
3351
6420
441
3413
7245
3075
3195
6638
9123
5829
4474
1714
2334
922
9014
2131
709
2724
4167
6497
1973
7205
2383
4236
6110
5904
9466
6514
1676
8359
5623
1692
5250
8651
2214
446
8055
1284
1965
4003
8677
4714
567
1134
3726
8944
5173
8471
8997
7828
1035
1921
6574
7792
7947
9564
4813
584
7971
2010
10081
4156
4257
1733
5480
2374
6510
6591
2773
7507
8892
7028
5460
1167
541
6920
7581
2086
4916
3047
9920
4634
1310
6461
1112
3665
1291
1561
6927
5123
7758
4267
6324
4009
4354
9669
4114
1036
1019
6323
7928
5940
4860
6243
1309
750
8546
4760
9843
3296
769
8993
7506
3901
3614
10032
9378
4357
2544
1335
7033
842
10111
5271
7702
4754
3478
175
1955
62
2764
9652
9452
1272
1237
5914
1380
3370
5177
2993
3743
831
8274
529
7100
669
546
4791
9917
10003
4255
1490
5917
6227
7706
9596
6090
1304
4965
2200
3420
1870
7805
6408
5800
4030
7107
1634
4380
8444
366
5021
7393
1434
5621
8445
9894
9615
9157
5838
5861
1283
9627
605
5387
4220
139
9408
3009
1882
2103
660
9064
627
8769
1604
5072
403
1970
7911
5157
2262
906
9302
6014
4749
4076
4551
2867
4690
2829
625
2804
4958
2047
1526
3099
4577
1106
6873
5030
433
4012
1975
2644
5254
10090
2784
302
4834
5871
2985
4468
5691
7275
4181
7118
3905
262
2285
4496
1898
1809
4432
3633
5623
8037
5599
5495
9097
3340
4396
5662
6507
7469
6477
6884
3774
119
195
9108
7427
6680
9016
1505
1463
1870
3534
560
2461
3755
8701
3808
6699
7969
2302
754
3774
6708
8085
9694
9036
6199
6912
3465
434
9552
5529
7587
9023
1720
1562
1274
3834
7518
4423
1659
4303
6191
3356
3373
7521
4314
9824
1208
1362
9689
1933
9160
572
7948
3040
4066
10110
728
1771
6642
8330
5350
7117
6817
5469
1557
7082
4233
8196
9514
8959
8759
858
5831
2469
4872
1558
9829
241
7892
438
4565
6371
5774
7899
4125
6023
424
2316
2132
1559
8037
9261
2904
7959
2488
9865
5571
9713
9936
5136
1742
1224
7536
4884
480
4811
1722
7946
5783
6398
1015
7644
4294
3373
5049
3242
8323
1212
9307
461
9825
9041
2959
5669
3084
984
1297
8006
6208
2359
2448
62
6060
1150
6455
1770
6812
1619
230
8192
8436
2941
1585
8678
7370
1050
8664
2398
6338
9229
1747
1045
4557
4217
9008
3246
9656
623
5795
441
249
578
5949
4223
7266
5049
9828
9187
7593
4485
9169
1993
1585
3847
6339
6290
3682
7460
7824
4301
4390
6959
5278
4969
4174
7563
8303
5758
1683
2574
6904
4764
6046
10101
9138
6822
526
5440
8046
1495
2573
2528
9303
2363
7272
4064
2977
5040
4983
8185
8844
1074
4119
5146
3330
7764
386
9318
373
5283
6244
1327
1748
2733
3456
6423
5476
315
4015
3701
7470
7755
5598
2346
3687
2857
5018
7688
2930
6706
2059
1402
4978
741
2586
5858
2775
9362
9060
7432
2154
2032
3305
231
8596
624
4257
5517
8418
3118
6033
2590
539
3654
4670
8181
3018
283
2531
9846
8595
2234
7272
8231
4587
6815
4625
5074
1450
4036
95
4971
5161
9530
8197
4018
8796
9403
4151
591
3413
9016
5535
6252
8310
9812
9360
9278
2339
7350
352
9640
3272
9676
2248
1732
5561
8527
5609
2455
5979
5693
321
7536
5670
9196
1492
3568
2543
1612
8052
2620
789
7572
1783
4978
10034
3246
804
2589
6631
2073
9383
4964
6348
8946
7721
5501
3076
3245
1215
9106
3597
5049
8129
5727
4718
3526
9482
3793
1118
7079
7386
110
3277
1663
1812
506
8696
5903
2122
5130
8101
8548
8358
5159
5759
7070
8514
3129
9715
9414
4953
7333
388
9868
5831
7911
5805
565
991
5812
1588
4846
7968
6803
3133
7476
3194
6014
831
3891
7706
1384
3718
1236
6491
5713
5410
236
3550
5745
2583
725
3341
8420
874
4723
2487
2282
1954
1547
5507
2070
4634
1067
7006
1032
2550
9095
8982
8184
6416
366
6220
5961
386
3264
8420
3497
2757
4558
8735
9477
3784
1834
730
2329
8008
3881
1429
7446
6186
902
226
3927
4487
1409
6040
1897
3304
6504
4706
2841
6503
5473
428
6111
2004
480
9023
6829
1163
2610
6068
8101
2528
2998
6951
522
769
5891
2557
1716
3512
3782
2888
6595
8760
705
589
5442
2162
7824
1791
7028
2995
8751
4898
6563
4877
7281
8662
2699
2721
6659
4589
513
5438
7784
1962
3200
1691
8815
2339
1292
6413
1058
3946
8966
6261
1066
567
8239
8125
6894
4201
1516
6585
4141
3174
9692
10068
5958
3116
7076
2782
898
9906
8260
3772
7776
6554
9359
1858
2471
9048
2197
4537
4386
1918
1255
6649
1240
4689
1627
9656
8279
9025
