29602
92150
87994
90897
23887
44567
72230
84818
95325
36467
30263
65601
53667
7849
22573
89954
1357
58112
96152
22093
19912
7032
35080
88847
29189
67344
15322
5036
15635
48769
2152
88257
74592
849
60012
6712
90809
95405
84921
48294
84747
84357
50612
18957
97545
62801
62766
11656
29160
19943
12252
39211
93869
70662
92371
91452
20456
61177
77725
58857
62105
87192
62796
52138
10290
99255
2582
30096
41893
14391
17915
38383
16165
34519
38103
61953
89120
98429
42218
61309
98745
75602
43105
41919
23627
77633
1871
30303
70209
52250
45286
52096
43707
13460
55667
2808
23136
46528
91106
75853
62301
50995
80824
75790
32599
34104
64660
52299
92661
82665
773
53464
62970
67952
49714
60601
98950
99178
72496
87419
18839
45722
46979
30756
43740
3197
88889
1585
20405
20370
90236
88656
81604
16755
35019
86524
61880
39746
77293
55088
57531
37077
35054
84087
72624
50287
23703
24478
74908
80827
96330
74576
49972
18832
7430
23584
38939
73068
55921
9175
18282
2917
2736
79000
1549
15489
39513
31952
90655
20967
9667
2550
65539
80922
52689
94912
56834
24667
31364
18973
53318
15171
6238
48399
50508
38795
43356
44429
97586
57551
64708
78029
75126
18039
53440
4326
8844
86250
69313
66276
40451
60709
72863
14446
54851
29913
48352
26564
97153
78387
34371
43237
21923
80252
22533
60467
11122
62495
18802
80313
3271
13499
18239
40733
48004
41605
75974
54880
98437
22585
77078
65439
50482
85410
95790
84952
54198
82656
13436
79142
7692
97935
70646
69735
76312
90029
93285
56598
44017
10115
51909
28518
91232
41148
31072
66642
48291
27539
70621
26192
33901
32451
8195
71931
46585
38951
32279
97093
34086
35988
3596
18448
45682
64803
88083
16448
51732
94518
74109
72351
24902
35480
70944
32408
54618
96444
45735
82323
97205
17079
7099
28927
24749
73298
49671
23660
20624
36634
86029
86543
15964
4781
79384
81383
97269
12512
15536
13643
76608
99942
56378
91186
5875
94388
72440
78750
45602
45786
81931
35049
51582
87837
37127
69314
53619
85781
29354
72366
99390
75606
58650
79729
4114
53082
58561
51240
64830
47970
30127
12164
83765
45289
91005
5458
338
62901
77671
86081
90211
63193
88407
11681
73445
48423
71026
38681
52669
61630
46735
89619
51505
50479
89698
20036
82352
78597
35606
9915
28933
43041
43999
35889
93440
92749
48259
41930
74956
48997
97140
52186
43065
78959
16408
88829
66923
95454
85972
97865
42453
1799
91075
50377
34906
39434
19095
53189
181
38010
79529
98084
31811
31509
94971
56540
27535
66747
38218
52159
34063
84616
7682
41355
87658
31500
44252
54313
44595
25939
46112
46336
84589
25844
19376
70836
62735
77896
91545
16815
11560
3376
43804
67253
52318
46586
44519
20703
20746
35761
32155
94000
86841
40605
87145
84581
45742
36344
40417
90398
30400
47645
10680
81417
76417
70109
61332
8645
87306
28615
55238
3403
3597
76558
62861
59633
89902
71706
52615
25600
32909
33557
6698
48450
35824
67788
55027
79924
41880
89732
44669
5404
93188
39626
10470
86638
72269
10630
87380
72987
82410
98517
9696
58645
47281
82789
49750
15914
54013
5182
64018
84662
87518
2277
68782
77478
11976
41478
17370
33034
28990
72725
69310
64767
40479
61283
53342
60135
54543
57522
26497
91154
62674
9811
41581
55516
81188
1891
34616
20484
67070
46095
544
79900
6189
73564
10222
83972
18671
90101
35069
19031
68655
7856
40267
35829
69175
50109
89831
17551
53581
31482
50205
39015
31568
48949
24369
39436
89344
24586
80337
69412
67145
66786
87443
7094
67198
12509
38066
98859
73997
68180
69793
88457
55704
12859
86653
55867
86283
41763
75088
20281
21622
20425
56840
61312
78155
68115
64321
8877
59141
25484
87761
66998
15695
48750
29893
32574
76269
1198
74347
76565
43730
92059
72083
33671
77714
92294
32949
63230
82330
68811
86992
32206
94091
61792
54979
14462
17223
12557
34251
20398
93964
90953
99785
30760
33532
5356
61593
14132
21307
27065
46139
3216
10176
33946
71898
77466
17379
62339
25066
29292
58857
47352
5538
55320
43522
26035
8688
37979
82368
22744
31499
57022
5808
11580
15173
26153
13644
7888
40333
31150
26909
9399
45
66825
94300
45457
82817
34449
43558
5386
53679
52623
49358
54425
18056
55949
19093
43524
15549
52054
12928
67280
70852
72716
78682
42515
68743
95947
93587
29838
30557
47353
1443
46074
36725
18048
88865
14510
53241
20483
71480
52178
89932
4105
48563
2472
36252
43605
34596
77912
2156
33285
34969
20097
98985
28346
54546
92640
35832
19946
37579
66543
48655
50245
12978
18512
4167
62188
98210
5210
357
28081
57663
99778
70269
76428
40753
87822
47219
14110
27119
73572
68049
47965
30364
62819
8850
44968
14281
62066
24280
14695
94236
56217
97068
96589
96319
31179
31335
82090
99095
20730
62722
4477
43046
79085
37910
88000
2102
24392
5034
26987
42668
9739
32517
99752
30176
16108
1071
57905
97083
61170
47276
78406
25726
63915
95262
97682
59531
85695
48988
82887
36959
49818
81552
6933
92256
37366
60255
50172
4577
83508
59928
78374
67460
50958
88696
11610
47722
27807
84474
13401
10189
79864
6672
40620
25318
93009
8739
75338
91700
5043
83877
29586
39099
23080
17222
71288
76719
99346
13399
82413
51853
98748
15155
48295
37305
66192
87345
9966
21747
46539
37797
73301
24959
79531
19164
47723
85614
5704
20120
44626
21879
42137
18655
63912
83261
42391
17658
52537
58851
21393
56198
83052
34337
60223
80502
30686
47401
53501
94130
80704
55846
64097
47831
40785
96227
96983
40615
83451
70079
96985
79718
74071
6994
48807
85660
6911
9280
65975
22738
35958
19966
47567
11563
4961
73808
88388
29978
88449
69349
95523
42880
13955
28124
5610
57461
47843
42076
18187
31093
67443
77560
48234
66630
45657
9326
19639
75895
21870
24825
51214
68931
75218
23440
89629
72247
6905
35790
64754
65351
53214
50691
53939
71789
13888
56901
3708
1991
31814
18414
16922
34790
22148
59073
21519
60385
9720
9130
29747
74692
20278
48697
28131
69049
85969
3982
29047
73322
83824
73768
76459
253
77251
53209
91164
17122
54425
85197
50824
54181
2804
81845
23738
77177
55733
40026
71577
50930
33894
44280
94652
4918
34789
5673
1717
13100
4158
17781
1153
55746
94203
65231
79556
27756
75694
82965
74400
36260
61433
47156
50622
78972
82621
38738
82426
15302
22938
97309
99033
75110
4342
75932
10567
51302
60332
89317
67964
35972
44310
24112
6573
8200
12847
57041
20589
80603
6512
69474
13244
76838
67899
89463
58392
95244
40047
1586
31360
23967
65886
54289
85867
20364
5286
47898
71800
915
57226
38969
70902
44304
83159
28719
93529
31221
33104
68123
56300
94370
41317
10071
45166
94067
32347
7863
49404
74376
84478
93324
98151
74952
33972
75663
65600
79499
39602
9319
27941
10424
80567
94336
53536
16651
15692
13423
81836
58372
37467
75929
76352
299
70819
59690
31935
59964
52883
39116
23129
50630
32818
79419
81771
70058
83692
51840
37121
38304
6341
70477
56805
48727
34116
59269
90250
59202
23816
66955
120
12254
52335
40699
8046
94791
34241
87013
56175
9749
44648
5779
78932
72777
38092
42705
76130
76560
11168
25265
90097
9677
54441
76001
32363
40121
47439
40909
94653
23753
11901
49392
2160
29599
27889
80975
43355
39271
73664
15896
52679
34568
98534
22298
38086
10123
35866
82170
23304
1439
95027
63272
94639
62101
35973
23598
86519
9557
8419
97007
3143
6419
12864
45427
40799
32729
59124
73695
73093
30581
21276
20164
78265
10011
81595
17248
9443
72597
46492
67040
97034
14058
31687
7250
80746
85306
32933
91256
38549
34286
10605
75181
54965
87970
75716
56837
81625
13507
71264
76598
78116
59092
71237
92245
83251
17916
72043
98728
64391
23646
72795
27606
89900
56805
77314
88021
70583
52082
67734
417
64440
61768
40639
20278
45036
63333
81473
56441
87752
40744
93647
96287
26212
32802
46119
44149
68209
8400
30141
18133
98135
3383
63417
30598
52210
13646
26344
48534
89402
55985
39563
69108
10046
6189
94225
84622
51015
9882
70725
58860
33754
88846
78725
27813
10357
22844
10551
94332
60585
8150
12248
69226
45213
49442
62341
66667
47456
61493
12815
16308
91397
89687
28064
38296
20063
6789
84758
86
73039
10494
775
6915
57149
99969
68030
37036
89911
41517
34401
29026
2907
5451
2542
18978
41891
20603
67868
19939
19360
5089
22332
57846
75911
75298
95229
87590
96697
18257
90587
91428
77624
41122
11307
47853
29513
35899
90225
96969
43413
99568
56410
55028
29715
37092
44930
68299
52722
70054
67583
44459
68160
83963
13674
61608
19954
44663
59475
30292
67052
47231
20122
35373
13070
26005
39281
89097
16814
34719
49233
69013
90393
74291
31427
16102
88889
75954
38843
33568
16769
2521
883
54979
19460
93926
95905
89728
88612
32422
54973
72335
67171
65244
97306
78283
17194
64676
74335
34164
16558
69917
97407
73517
77895
54119
77481
93149
76304
47387
97406
76039
4658
75530
81051
59378
24398
64065
64045
87462
87712
34536
94440
3308
12727
40039
60832
92933
85058
32075
27091
45577
13617
31390
94106
9670
4236
15118
5218
41922
83793
16670
57230
3411
33566
45533
12712
66847
36514
46362
51159
43674
86974
17881
62217
98861
12167
89520
79118
89430
12942
94064
11740
96271
2291
74157
40392
5772
19980
18752
51436
16589
96043
8632
84798
17892
23996
71763
8894
88230
22697
62319
64031
84119
69936
44748
37187
59905
33766
880
94294
69808
22346
53036
90720
72154
83027
40026
18969
72420
62477
36781
69420
9732
81015
64176
68598
98770
56602
93243
74041
78402
36751
67461
59228
13931
90485
37135
30640
19493
57433
45106
67763
2603
61787
36060
10043
68439
37159
76795
65162
90550
30238
27088
28638
97817
23051
65763
29050
63154
79616
91718
11374
27834
91006
22367
85517
94783
63338
66644
87252
25247
72395
34463
65608
57522
25620
78686
34685
68084
85739
62750
6892
47544
43995
59617
69714
31533
97354
42041
48162
42748
42608
92589
91021
61662
21925
82378
85199
78271
40783
8348
5786
66025
96027
15043
3234
12091
33082
750
79743
82034
83367
37917
25293
31084
94447
96017
61462
88714
53147
26445
49924
30621
98016
14247
94961
71702
97218
48732
60054
72289
96752
6684
63645
61151
28642
98976
53015
73562
15338
37838
4624
78177
72564
91634
74647
45118
97562
39704
79576
70848
65050
21908
43324
70525
49737
25211
45188
13073
45516
67500
1489
41077
54665
16102
43675
69642
40437
52970
29148
60735
95173
64739
37195
99287
23809
62523
63161
67461
78234
14625
10786
47868
72085
84832
83157
22958
53107
8712
30586
91109
21808
10181
87955
16564
32756
20905
6332
56468
78496
33609
28718
80046
16451
20345
91823
16857
35586
3448
63143
55917
4169
18592
44174
57061
70068
41094
60613
70028
34034
27824
55972
44653
50962
24332
1959
76774
28274
39021
37650
45932
53736
18165
36798
5852
74026
28871
799
95157
71893
82388
78793
56046
17776
63796
79140
64282
71414
79709
44924
62227
12899
33448
89183
76225
81636
79206
34520
80674
29461
62865
36796
23683
9542
71346
61468
2585
66396
12523
17641
51737
57176
86167
73486
98320
23700
11130
40926
82535
34129
29772
34912
46577
92323
62861
48353
10129
79744
89155
35525
84191
51162
49902
27049
79708
94377
59921
79318
67968
76111
76251
59075
7949
68359
65019
94385
38839
98980
66599
75398
49394
42590
89315
79259
70367
82914
50110
45529
83492
81907
11534
24997
35626
25198
77415
38485
86562
59439
34012
24307
90534
7003
32871
67139
40950
74157
10973
20835
19031
65687
90982
76543
39793
31530
58904
21712
29907
7307
76179
96410
1668
95324
19686
68299
7897
61409
80234
63729
50935
40113
52798
78430
25372
553
64280
85601
25664
33936
23617
88026
95755
28243
40151
41136
56238
16341
53380
62181
16214
90060
69136
68584
56757
75570
76645
78358
29007
31051
17189
28605
23995
82795
4594
83091
4978
62611
21868
761
72258
82540
85663
17404
82680
35649
73676
32165
98546
6841
45329
43032
55044
96135
55965
46953
16137
68054
93472
77979
95890
79214
42580
38549
30706
77168
11784
72066
31435
6778
89429
30963
41301
69161
74919
26249
90671
85363
46318
657
65394
63738
83283
76057
42241
98341
34191
34220
30469
52856
40219
73071
16939
17998
81875
81291
62402
7500
14540
58046
45852
50854
42010
29150
58175
62338
9318
88418
92368
51391
13548
92621
88120
86881
61126
72425
52504
47417
92992
84927
49274
81201
28726
15894
16784
24394
63870
79082
91617
40094
94307
85207
77900
78698
4658
68617
63757
84912
96074
32924
62200
69519
25692
96812
95491
970
42938
22091
78860
59263
91286
71922
99514
88660
47794
72481
44901
16372
51695
75518
56365
90252
23348
28723
13557
68423
91005
76087
82802
73074
36272
40681
55430
17662
55594
50851
7072
97021
16825
69552
57075
91936
54557
98232
92990
83757
77237
29415
27766
97475
31688
47364
90252
33079
29015
11588
91219
21966
45682
52816
214
19266
8173
50696
2866
82017
72801
11241
20812
95597
99158
45825
47044
43357
40190
23353
58632
99714
46028
41980
35008
67363
87726
70113
80389
33264
77299
4557
71960
51897
41597
19341
7559
97946
61566
73549
85565
10410
66064
85613
28799
92452
44611
16093
61947
12067
81416
13623
40462
48892
56834
28849
76960
51869
68727
92135
33683
71508
24298
78098
68544
55963
66077
61955
25514
82689
89149
26492
63112
79762
19966
18199
61212
55133
74810
51602
61013
58724
93982
9094
32193
66909
40760
13620
54601
76591
54815
7134
14953
34577
78455
7050
60980
5380
6075
55149
34309
65596
84280
32054
9028
18959
68644
1673
91529
54294
30032
85353
20162
77955
30624
28946
60480
59774
10082
44838
70817
49184
46473
93183
79049
10073
32746
94363
80469
88734
60998
67572
85806
68743
45628
10062
80597
15721
34660
78512
43790
23206
64845
61109
38890
47041
55157
17672
5758
96173
44975
58451
87041
62443
6485
98535
76337
61272
63274
18096
41780
64515
59734
9020
49774
22376
69971
81882
96145
23684
59909
85440
73667
55815
92868
63094
95617
43287
83943
76127
91103
38369
93800
43424
24445
62891
59519
24378
25418
19285
79132
7844
30848
67495
26348
56316
51398
41464
73464
92239
29477
3180
7959
42411
91675
18886
51183
29469
55919
54482
27910
36023
97659
29749
32405
39129
37442
90353
52455
32755
78845
68745
88269
94322
10128
65319
34242
38635
95432
18705
63682
38234
14953
49365
51424
18074
2559
45187
59895
13004
90511
19006
93447
29852
34178
51076
57242
10588
82078
58582
33000
24633
48939
27368
65982
73311
74280
25886
66490
34211
21516
50353
38175
53099
67205
13324
25983
75494
85114
9195
41455
92873
715
84547
59533
28341
5249
55114
72726
70325
97275
13892
83336
28922
71423
36908
55646
36493
65997
22832
64108
15513
2818
35200
38679
18423
31020
91082
39350
7721
67088
19452
46165
61216
98050
16225
26522
44970
20460
89831
61371
53798
22654
66055
5769
72424
54435
98090
82016
72854
33185
43666
98383
83815
94598
69496
61350
12197
55161
30541
64384
80013
52967
3189
16555
88856
85292
77154
83333
54511
88549
81282
83870
96130
12668
10682
33886
32777
56764
54157
11295
8875
80004
92064
77096
46244
14877
44915
92976
53059
17355
21440
27100
63877
93935
68002
71104
57158
52368
46171
91295
39470
91898
4162
52710
96264
49883
91402
68522
82956
8
79520
78483
66224
67539
49261
18487
75087
81389
85242
98623
86903
27772
60611
12286
33950
72964
95733
90983
8991
88517
7854
2031
18937
85384
93577
72667
23301
63745
72582
28334
26563
75325
11178
33064
22344
81387
3334
94721
25218
76220
52808
88447
7097
10163
90433
54882
79810
94335
3557
46049
34371
75594
45409
67562
16063
46772
56600
19292
94801
46688
30186
90493
99851
20873
97293
28652
67893
18926
21989
84454
16808
45459
79155
8645
72126
30153
35589
32633
99823
89612
29454
52569
51715
19638
73889
44774
17300
40734
3104
2249
74709
30630
54777
15796
16283
98294
97934
74425
3283
55108
57368
81768
66366
33390
66441
30417
97704
15958
59262
13480
25904
53888
20118
72786
17005
57197
97242
98723
3513
32969
10278
75504
92206
80033
44043
73647
44907
52556
33515
14354
54452
93060
30104
812
34189
58766
84317
53258
81963
71651
93108
89754
49247
46827
31214
59170
16839
4
25237
80917
60233
47500
8098
77993
50788
54908
4193
47169
58429
13320
10065
99640
46474
10780
14149
38505
18993
30639
66711
92200
68911
44035
93258
40687
9102
42436
6645
81306
41605
86198
55042
81136
58654
83850
24169
22831
90220
87058
44197
87446
35949
47577
72919
14727
67956
97611
48296
23357
16581
52767
51293
72173
32668
85286
96151
44023
79256
30768
35246
69367
87306
46689
33886
56319
33274
97033
4959
74518
73218
94567
64436
1309
32758
47775
48985
19860
49045
74574
29551
2034
76863
72880
18114
32938
80949
72246
25598
18331
16606
86552
65509
79080
93896
89034
11363
33469
78443
70292
37620
73883
87279
45519
55422
79589
61772
52670
87736
71496
52335
61867
85630
91923
21683
89245
91868
79895
21985
72284
86936
21053
86764
51394
93539
85684
10066
2473
51058
97379
68342
57815
23337
59470
85122
83922
80172
30290
39933
44918
31160
36615
15326
79129
71567
18754
67007
22767
85024
63641
25627
81491
40960
79168
34501
44148
78612
45244
50085
88133
6412
66833
47004
51373
91742
97676
23284
60694
49075
19142
4105
73084
33730
57264
2759
57951
87714
29702
89948
55858
87898
22816
81108
31617
86521
99277
72565
78557
531
61797
94904
71862
13492
11237
26272
72219
53184
7300
12410
47220
28360
10375
96687
49137
976
19859
43435
51058
73786
50823
68903
72737
79637
5138
51822
5305
83197
16102
76556
10656
79199
34695
9244
24951
35890
91671
20055
94413
69920
64557
20402
43139
7609
13042
65452
36725
46900
25607
21828
75338
44599
92089
16279
35600
52627
73301
22174
53442
66888
98481
50205
48219
17990
71141
14382
50205
52388
73528
77503
88539
62069
82023
42581
76282
61158
72873
86421
18129
54685
76904
60041
11804
72992
36563
89345
70479
42896
94463
92
44184
31149
28345
41692
97273
62030
35399
27182
18770
75280
57851
98577
18109
18204
90048
8631
33365
63985
25118
45207
78197
16408
11572
91457
38101
65473
94001
12577
79636
81620
6505
50654
57102
44273
40126
46901
65572
19130
14688
52742
591
75475
67111
48537
75726
41842
51057
46446
70830
9335
44086
49226
63881
19975
53737
29486
44420
23545
81064
57517
3633
95040
32095
4625
11580
16736
6426
20552
6149
46699
20039
37803
61845
54178
77585
9699
68991
89896
85175
14944
62997
16710
13826
85422
26975
43412
1772
88894
87022
71886
52110
79736
20700
16714
72724
44887
82763
2892
27971
67365
8825
50501
9636
76442
33769
9479
19574
29964
8495
54466
79727
35761
20980
9553
45572
3896
7215
33419
61339
42296
30534
5191
38318
83813
91360
92828
32000
93139
48123
53530
53417
33240
25030
62964
38333
35558
60719
99097
66363
246
77516
62420
62574
8708
6272
42388
64721
29673
69703
8885
29692
88139
82874
48063
12950
22883
42321
92880
5122
71278
85946
95989
27086
69719
22998
82353
27299
19619
53258
63801
58608
75528
38638
69071
74880
78325
55221
65035
90378
72324
95465
49759
14813
49920
19985
62746
8476
25031
49324
63213
19918
13278
79204
18091
57396
44943
88222
99406
45825
69952
91519
39956
97829
76279
99147
87516
99013
46019
80552
90
67674
59537
99593
99330
64622
44380
82911
48612
94205
25661
98658
4329
18260
51943
82000
90177
94493
1695
3139
29594
43408
2365
38470
84863
99091
54039
50383
3517
11129
43966
57857
75355
36151
54118
80656
7666
40280
53273
69858
10988
95440
24139
58682
96771
85424
7868
31011
84080
46063
24397
22783
55663
98100
12327
68543
94028
43302
68664
28746
49760
90945
7587
49779
76907
31374
69704
61983
64478
26175
25053
15933
92147
42283
20905
50139
24369
99927
28012
13611
44792
86994
22224
4457
59681
71010
52573
86816
54614
44839
66248
54578
16382
14119
47126
22451
9596
57919
23988
37448
92004
34904
25077
22203
93267
76629
63593
18628
3625
15054
11157
49189
10631
95844
45178
82403
27610
52662
68183
16564
879
22447
45814
94458
95884
42122
47784
69773
90071
5583
57151
99202
20130
79910
50706
73458
78939
25695
54612
84322
74033
49495
55134
588
12099
60091
8594
58347
78257
80683
67694
16603
55654
47578
39166
58888
24279
80565
60664
53707
74329
31538
97854
53881
58509
48488
46862
55913
22730
67112
28960
74276
8174
13595
82065
88349
14185
56621
19232
55797
52652
10051
26884
99494
32331
80459
25966
75067
13090
30570
95425
97837
45177
12289
12260
58230
97333
26293
66871
27964
86270
71331
99887
49128
59478
7983
131
95092
90784
93302
89927
33226
17366
22830
11604
38749
37291
84768
9040
17044
14197
61508
89610
76961
80546
6439
90990
28776
51206
25484
5594
63810
50647
87354
68518
78363
45289
77904
18781
8957
37356
15434
71037
59892
70462
55721
16851
67007
6359
15393
5117
61533
72814
17653
70946
90647
77094
6143
13066
31790
40596
39772
11971
79425
48406
38881
64510
13185
35054
84926
22592
9838
97437
57303
34055
99118
42760
5343
76506
46731
28821
99918
7764
97519
37716
7583
20397
97540
52651
63511
37407
72298
51769
3795
54604
47077
78301
11816
44873
23395
54122
32559
26363
34564
50587
95460
73616
88830
54288
35809
46525
20818
50034
75917
71009
35397
70466
61996
91583
97367
82982
13111
66434
30777
73775
39049
85237
64865
4137
22173
82470
53432
75339
32077
27987
1691
7929
66484
90707
45752
56510
96077
3265
71019
2340
68415
90546
86825
50031
94352
85834
67348
35061
60030
56277
68135
68476
52956
69442
56741
14224
60814
20231
64384
41975
42967
72679
11795
347
27514
23339
55737
74946
82593
88246
99233
39337
33542
68508
32468
96754
33886
60192
15929
92867
86713
89569
70962
29796
56892
76938
72720
46256
16557
5620
78268
93869
87267
68917
10020
80599
19583
77513
4217
89588
4263
55755
72555
23193
2589
8166
73278
12891
37517
16971
82994
50435
84272
7837
41744
87374
92670
36532
13438
65339
5091
19597
60781
35837
53849
5428
64432
48641
58286
16234
22704
22728
65029
84588
22778
42194
30617
34657
56106
43579
64831
36288
31962
90929
4206
20892
61981
83856
92976
91721
11631
10231
189
34395
29119
61871
56214
58956
78245
3893
351
35772
30614
12090
53346
62878
55096
78906
67526
30754
5441
79334
43378
85171
91592
91462
23737
26139
33785
94967
87551
99865
14309
4364
34232
38006
30576
87179
34004
90875
60072
73701
81826
51144
95025
73769
18762
61096
75007
82492
84355
92895
848
67939
15532
48416
95902
24269
92715
43570
39546
98150
17677
49528
27890
92145
91362
68703
22494
57114
96109
72393
9035
69457
18094
49194
43792
75646
96869
71782
11993
94156
89138
36712
75396
74489
94520
43037
87170
66092
64745
19490
93588
89066
79618
23616
16788
91486
57337
77976
76655
58813
56351
26977
84946
9539
53353
32411
35342
55094
26122
64813
76443
67838
75579
75039
79497
11419
38721
61828
55232
42595
95275
43618
37454
47970
71301
27782
83090
3600
30794
26457
67154
94251
28224
40465
8953
48933
68278
79508
27361
97569
38850
46822
77375
37268
97570
44694
96903
11156
77601
62242
13364
68900
27167
75333
73481
65372
37357
48828
46822
26901
60824
43499
6869
76999
16055
34288
33171
61015
58117
13823
56404
31421
58237
24039
86314
79744
91062
32040
95669
28652
88802
71549
87274
39364
28325
97822
32584
19036
86071
5289
50390
26565
64518
57358
76586
6475
9073
37941
55056
72503
93933
25859
50151
24501
37477
37687
6533
40154
44552
65864
68464
51454
49283
10206
31202
86685
15903
85581
38691
80472
81
79279
54380
12241
81352
59790
37443
26385
84886
48862
25793
69668
6099
80032
87684
77061
10593
81482
6675
44692
73974
30636
62575
37693
75079
85411
84912
37810
96531
13888
66277
62112
31098
48501
45517
40440
52683
20579
82313
56560
48414
47921
41234
64865
16210
45812
19671
9324
28461
14627
22958
65793
35472
61920
50435
56243
18341
29259
42233
64074
47394
6733
85605
99141
53443
26861
57018
768
48184
38628
56861
51336
88
97415
36920
77170
43771
90534
28656
86211
28968
64815
61623
94191
54835
64277
12546
74820
11336
96350
90930
85610
89513
20579
92979
80171
38930
10913
26236
73486
3641
23304
73789
7087
27423
24727
94904
10007
64004
29472
25019
83018
44906
53388
85116
42752
88279
74151
4463
82687
30229
20364
71720
40861
649
96063
91176
79848
69547
72228
92142
23398
4022
46489
65062
22255
43749
37515
43873
6010
93099
49091
70284
77730
37174
5896
15038
34079
3447
76860
72130
46207
53802
55636
13710
2311
48524
74298
14072
78890
31578
24107
26046
91011
88537
26840
80184
25863
15412
34753
93431
2869
22044
8617
60124
50858
79411
58691
48836
18460
53190
77650
95176
21207
23706
41791
48912
99071
41203
12211
10178
54889
94742
2288
62078
78551
25135
6571
49090
34675
97787
76922
62704
5026
70528
49392
72083
86328
10424
54863
87518
96426
24174
15470
95524
73608
48727
7684
4671
74964
33164
84469
68045
85477
17019
13637
99647
35724
92454
99669
77462
86307
17558
23478
56205
58292
12781
73907
7256
42819
8278
28705
60958
81639
63194
21829
15349
18158
81949
64829
70047
1405
40337
93929
88683
8712
91273
3304
16068
3523
80337
21052
10331
70401
88414
72486
79415
90281
13269
73244
69484
40798
46464
81888
82989
17514
74978
97675
67576
43795
2798
61280
59515
27097
599
21811
55721
16967
36838
95969
64988
97581
64599
52631
75310
40853
42396
82805
22266
56611
97319
8602
74580
67325
12163
41222
17450
29160
24305
33343
30368
10271
83282
31256
61548
30860
76125
29281
64043
81182
38274
36271
42103
13340
70390
51785
28
40707
24364
53847
10385
89017
46879
19389
68156
37163
85933
31289
73659
2425
86929
3254
44684
16832
62837
14429
24626
88877
18056
12958
92577
55699
92371
95396
47932
2047
17485
57519
4910
18338
75714
45806
22094
14144
77844
98852
27259
52331
39365
42516
56630
17827
91824
90906
22898
87702
36424
47400
19749
22806
85296
84317
60059
2672
28559
87251
98982
19026
14375
93665
37074
16191
17205
86527
74989
20911
19801
56209
86154
75540
41420
4450
5200
95509
69072
92314
51487
46548
76680
66793
71129
94180
66701
14185
13061
43513
55727
56219
94278
82311
79710
19828
55843
89989
47763
59057
79129
21510
28394
76062
19982
54142
61355
33094
65855
2642
31711
65151
57586
39385
16921
2117
26829
36446
92200
76801
53901
40033
46145
16407
94960
55120
50249
15194
51434
37592
74627
25083
42813
31642
74217
3567
63252
58278
86711
91007
71989
68859
68680
26036
84145
64991
53135
36956
12507
70554
7392
90498
38333
66418
18115
82314
56494
7167
15701
88122
87510
92915
86985
291
56215
14842
62538
36077
68503
65353
55661
88624
33806
18314
58388
86729
28976
68536
86676
60667
50894
41893
89409
64215
51417
83156
28225
8376
83247
48540
28030
6252
75247
14522
96230
67088
83974
23303
64194
21854
47599
20670
19529
9390
99893
66472
86352
64422
27313
70008
55100
92804
44281
80201
51955
7099
92903
40034
53788
5583
22636
32114
16411
41968
23345
41258
3091
77164
95900
61925
60557
43786
53673
27996
81416
35895
65455
56818
1439
59912
55547
77223
64845
94580
42190
92228
41133
56752
49750
30339
28704
16791
6793
57661
40622
96137
74085
61167
29635
48102
31803
83722
25517
47389
68579
34655
46324
91201
91769
82649
6579
46817
31737
86804
79415
92187
55343
10215
67890
19405
6455
22310
41587
37439
75819
14976
26446
93451
97735
77472
8075
2739
87348
5604
93608
36498
30283
78572
25382
46735
57660
62635
63954
61122
96428
92712
88469
97026
82509
46777
94276
50955
57382
11883
63687
45071
8743
66204
42730
86071
63079
3679
54486
4860
44319
73227
56173
66083
93944
21947
23580
69028
70374
11943
79539
32924
22186
13559
62004
68688
70044
26587
97434
6713
51730
94564
99499
74633
78324
2395
69457
79862
38643
15191
84846
85821
22553
93250
37822
5114
58628
53343
79820
19390
44018
21416
45002
92515
81928
66101
11266
85427
98948
75973
79594
45627
91010
55078
38213
16319
37640
63674
93421
91803
62650
71015
7711
638
53910
58838
18638
26032
97780
37743
77416
9598
1886
80635
19138
28161
25326
94927
56213
67191
55132
92851
53066
66918
41416
30196
22359
40582
96944
74450
67769
43666
44795
73766
19261
20329
10014
38803
31151
79799
92479
68414
44415
1454
43442
81334
70314
23221
41237
39727
55694
5368
60945
96818
84993
90036
90203
82529
61471
38286
98835
92864
56484
41106
2211
76086
83431
75499
95503
78610
9871
72608
89880
5852
32360
88509
90888
51404
82089
89415
95040
27343
95887
53551
11270
32928
39810
7667
42197
11034
32926
4938
68802
26463
46546
43100
87733
40419
63077
229
83194
25780
58964
27277
65794
38018
23004
29595
37577
76296
34409
30624
94740
14132
34579
88416
20036
72910
38816
47551
49830
51829
80516
71910
64780
46153
18441
54551
89378
42545
95138
29709
47460
12458
47075
39413
6730
85679
86672
99340
49196
68066
3627
42699
20089
86377
95052
67040
5325
16554
74423
29194
48486
55760
87091
95175
76402
85553
96931
11847
55709
7804
10946
37146
98835
83642
44510
2714
79205
48200
25647
46869
28081
78955
53791
65922
14726
51010
70031
4848
42059
79676
92837
82563
47013
34260
61006
451
78843
67250
61973
89544
53502
12139
48896
59128
55329
90966
11037
2683
88998
53351
9451
20620
14696
1504
110
80109
75466
10677
44321
40853
46085
5629
33216
24745
7394
12125
48806
92916
54309
57256
28262
62790
17209
3011
79740
11503
74630
76169
45513
62848
5321
29708
14142
62582
83807
63665
14913
51940
49773
19275
27204
7688
13624
57226
67736
75252
57455
24592
90334
882
54302
64182
45767
85509
56583
20083
89727
32554
16521
32223
71129
12873
92964
93239
58217
6660
52978
79699
16684
84994
68460
67012
39324
44709
89455
76154
73501
70383
53421
50997
40971
1904
71410
58060
81975
5605
2169
169
27487
22350
64429
62666
55063
27352
49157
49822
24956
98970
2982
87127
51324
56489
58159
24356
3116
8007
88499
18428
1017
80781
83045
85923
88255
40916
18915
35104
16898
4919
28991
55140
1342
30756
85322
77885
85214
33416
31626
44764
53876
66191
10297
6390
36055
80789
38178
30762
59851
1546
1401
68595
51722
36684
93386
68895
32206
94738
69330
60103
54529
8584
97624
58661
26438
67050
39053
80643
73657
67240
44460
14941
11572
69748
45830
37380
7759
48163
36817
11465
62710
65807
42599
55105
92964
69336
89302
172
81137
67896
13191
88009
87606
21085
2857
45644
41733
96139
4080
33795
35776
53703
68873
99365
77045
94989
41022
65646
29468
59052
40924
40684
68598
43390
22022
28517
66923
71912
82494
57868
70885
70667
81166
7481
31538
72101
33641
39362
93495
76946
258
43890
78515
12079
82112
71082
91240
48797
86202
83289
90222
22190
41807
489
86602
10582
2282
56779
84307
90067
75046
90768
1810
58163
6245
76633
55040
68009
75477
49557
51177
76842
52817
41172
96026
50756
84129
33543
55316
90641
74369
16176
43330
19107
54588
24452
65949
45104
96897
69266
26072
64786
92811
4954
2569
32981
89509
83881
76658
59278
28003
28111
37537
70305
79901
72243
91389
26535
34512
95429
35689
87631
62484
38044
80460
37090
32989
79271
31668
17890
78127
10801
99348
49084
38572
58708
22957
92403
32734
69448
80554
76973
3977
32518
51266
81157
11661
33323
78230
28731
64246
21774
56858
35383
78766
90833
7108
67451
24587
74469
23469
95204
10455
98572
37480
24874
24472
80906
87363
3529
81171
40711
21859
36581
71629
63804
24065
12946
54688
85773
95838
3850
85753
42932
96405
182
38371
60891
53915
63149
77593
640
28111
8787
86062
74734
25193
57717
51910
86938
45575
73010
40820
64045
242
45162
17240
3750
610
60590
56309
49884
5256
45023
55496
30430
76703
66022
38756
67419
35630
8310
54708
65477
96349
57360
91205
15121
22018
34487
13823
12402
11562
63619
77458
31525
15149
56987
64827
14556
26718
66387
5665
4952
57209
96208
50228
25947
9823
44789
99126
54693
54086
25809
14208
66802
49649
83874
53362
62180
30582
95454
3688
29232
15203
69664
18063
3969
22699
12451
69787
80453
86527
80018
6749
5519
28289
42931
36916
49974
45409
90042
52430
13687
34538
14334
78178
34305
34288
48036
49326
15663
47516
82036
89326
95597
53607
84239
72476
24977
73651
84888
43151
57993
99731
89828
96457
55017
53528
88408
93253
32359
28943
59851
58682
93467
65964
30574
20347
48298
54615
64478
65003
86274
43399
46970
94652
9526
87828
74492
98987
49299
19932
48261
50281
39915
53156
34570
91589
90229
80296
26901
3375
99991
53038
59262
11215
11245
19013
39208
98126
94071
10952
94592
60389
56766
57119
43029
35818
41429
74547
4335
67679
73624
90025
74811
22831
28408
76232
75160
93274
58950
64070
87720
76889
39688
25483
75270
26940
87987
14122
88136
57486
57226
58114
38812
6414
47988
58708
73372
90187
44043
21001
38665
35890
37729
17686
73626
41372
1023
61350
55504
5871
68292
81584
20747
80262
42751
39388
13405
45024
98639
54431
36501
24902
95930
29490
54965
79408
61670
24539
1689
5684
24392
67203
68551
18831
34604
36457
58131
60109
48868
26446
9015
8507
38562
4075
54084
42604
53064
47687
67877
1734
76156
29723
66700
23641
54102
70606
24539
72246
28755
21670
81375
79213
29710
98143
6953
20043
32558
28014
63466
82730
76501
39523
83512
48873
37608
14451
61056
44767
7641
99781
8864
37316
37802
60432
88317
34744
72199
12856
46351
61714
80502
59856
59498
95530
8733
4164
13423
84052
58125
80631
58999
50459
4785
6835
67386
5867
82298
10569
80308
46937
79675
73750
62275
33968
30826
63675
90679
29902
94015
84437
57633
69565
75783
99632
66369
68959
33776
82992
23011
33433
90460
2186
50404
82665
47068
79542
78412
6461
11508
88167
30031
97788
10038
92546
70241
83570
39036
15402
92523
3460
71517
14828
79920
56542
43426
78694
17263
11545
42634
24517
85850
8079
92504
29762
30448
49755
67358
73186
75997
59326
57607
2195
28688
27150
63915
62091
44587
75231
33679
11300
69042
455
34250
89129
10679
25777
78571
94796
5056
98703
31659
51082
56212
7090
16738
51823
27719
85229
44427
1804
1536
69195
54463
54390
23733
53732
35714
24037
74829
95383
80439
98745
32051
83986
76671
10113
83810
45487
58967
33478
50223
28969
12072
29640
16737
88230
54225
19607
45901
78066
85552
91520
15128
76490
58435
25483
8884
69213
73324
62174
29507
8228
77140
479
26767
38806
73717
2810
70409
2767
24028
71339
22809
69863
60290
99570
50209
84783
3599
79244
47809
19271
29255
22237
48568
40207
45557
46342
52336
39261
36504
94573
93600
84782
7087
16382
58206
80136
62740
27841
85660
25967
70954
25763
34760
13154
83979
68577
95760
56240
52573
26239
97646
83155
82876
72000
68484
77287
92369
1120
6396
9829
36824
89382
42589
34226
58308
91234
7312
78720
84140
60091
43725
63886
9414
56766
98068
67794
61280
55972
35569
53819
11496
21352
98501
94608
48551
2689
76902
17021
66885
32382
37960
58767
70062
34206
96540
54153
92550
2144
96254
3642
87935
55372
83807
72936
40970
40582
19210
14052
11731
70011
92360
25658
11418
63267
84017
63775
17742
36603
54325
66407
597
97952
20943
48124
24825
73742
25351
61083
49700
2817
18077
33843
87995
61027
67738
41242
86175
93398
21912
85949
35464
60892
63878
90098
134
21485
60584
10677
20576
6848
23832
49620
72523
47117
15732
90456
18699
4909
28930
77766
54362
38171
78056
39489
15615
37364
46545
89876
40390
7890
61037
84513
88318
43389
74109
81755
60184
49367
33971
94521
77797
15608
85306
48921
6557
55192
4937
49546
13470
77961
77949
85648
77314
35008
56671
95509
39696
2589
38619
86339
42782
29105
35841
9096
21091
50694
56245
80008
91109
4870
83963
43165
30654
15132
54002
50226
62427
50662
92804
97707
89802
9704
12193
19850
97207
6359
49322
55931
79296
6625
32254
76436
64953
87346
79448
33903
19264
8004
19584
44158
49255
32835
47409
89611
95325
18107
83441
10270
79516
44956
4686
49866
28699
44552
44072
80623
74519
2032
83645
63217
40095
43787
94279
16315
86053
74367
66937
15735
44184
96835
26277
48972
25346
11139
55159
82051
26377
756
98596
63396
96717
20749
80319
80042
15786
95558
18989
67974
15023
39061
2529
15813
82764
75699
83924
17855
67238
77461
91589
76074
29503
56230
21910
91531
46911
3846
10874
70726
60392
86188
46795
67719
47210
43608
6432
77457
7237
55746
56621
64490
42035
1148
56361
11565
12984
90165
61524
30630
16398
84176
60622
66815
275
34501
83356
78964
26360
20618
29192
47551
69517
54215
11809
28407
53306
81784
78940
43925
19739
79917
83833
70311
31475
38992
98944
62557
94404
73837
79321
38135
55671
3596
63342
64120
95798
85313
73819
35319
32343
25266
87207
67667
5865
45939
4721
32593
66432
39784
73432
99634
48785
18795
75155
91488
24513
77593
27282
61073
914
21223
62682
46324
58702
11503
84777
80584
48799
76146
78141
44748
40053
15263
49162
33943
51901
86576
4660
65598
92204
68656
90153
45906
76632
12477
69050
45282
70065
61486
54619
69627
76887
44171
67166
91780
94032
40215
20
10089
93726
69027
49622
11357
75470
20168
23725
89650
56235
55299
71034
88023
23856
16156
20437
94284
84423
36201
63642
88676
35853
69666
50248
38362
70597
90857
93169
23895
72486
1226
57687
23557
49092
2848
51893
86000
4859
80927
72328
77681
65253
75162
80439
3063
31927
1338
26539
89164
33764
8547
88537
24465
89545
71257
89085
14894
7632
57398
37017
50349
75888
46263
94088
25066
18087
19706
95128
6358
32989
45335
89983
50981
82190
62655
799
80412
97738
30607
47563
55794
95848
62646
88369
22055
4638
31397
89697
51918
50746
42696
52774
57233
36450
18147
33366
29999
4493
37576
77259
65838
22222
66623
94103
53744
31850
20612
91889
45894
50221
70910
74646
3413
27991
47011
78628
80309
8688
84200
3210
32165
30332
55566
77526
66191
67390
23106
10851
33351
40160
38869
64477
34536
36279
53760
9856
3759
59097
4153
59613
82063
66491
45014
14671
63180
79380
20462
12407
3538
27758
27805
80487
44749
8824
35614
19018
54754
41106
45951
29735
19118
46821
53673
88408
45638
35397
51309
49734
37268
2190
74124
17182
30317
21212
95409
73142
51944
78554
42824
26428
53126
12376
55540
72425
17797
89326
49184
14355
85460
61760
3123
51872
91941
25237
40955
34677
18509
59189
84398
31813
10960
29780
10356
37551
12508
70825
49004
44838
42728
43025
31578
46458
71144
13762
84714
77087
9771
88488
98533
99465
90521
94745
13488
45411
25631
16475
49424
31063
85515
53602
72607
34846
11536
75354
15251
60287
78013
84726
10655
2538
82537
99108
51482
38285
14685
43790
73299
69395
6421
67406
3330
83696
3503
68034
59400
63288
31930
22897
74116
58066
93050
39287
1873
64422
31610
76615
47768
95221
90138
55101
3039
33996
13090
21913
91951
76576
90656
49336
41565
21490
24132
12125
95504
78854
68003
25284
12202
36672
12869
90686
94404
96883
14764
2467
53533
17463
20181
84676
5813
94048
96653
99061
90513
49137
57626
5990
45960
99333
16038
51819
40039
3061
6079
98911
13061
29931
36106
68448
57962
61749
31269
82030
44368
28514
77542
45645
22586
67656
75766
19278
53689
24917
65473
20425
1137
83964
24155
97953
98608
74130
82709
80217
51919
72893
47178
47450
25192
52402
10017
91895
72119
26723
7980
42229
17674
92621
44477
19116
94769
96661
96440
67216
20481
17886
13128
30394
49219
10872
41768
99399
44574
41821
32769
67659
10581
14780
14162
63803
20971
98254
64990
42862
21740
32765
1872
36976
3761
78971
81489
56595
53830
25578
17352
3697
13077
11825
1611
74531
30165
97163
26221
73623
86602
44270
37261
433
66563
13730
50867
28468
72761
79807
74596
9679
89254
87025
80928
35738
90317
13658
36568
66558
43735
27064
30265
49202
68752
60798
73454
88061
72334
63491
57861
48126
52862
48320
17734
52236
26174
84871
54552
93606
78307
76432
87122
20931
50792
23265
62490
26102
55206
63473
16150
96590
31260
7718
63825
20660
39783
97281
72790
51007
39111
87637
23184
34757
5801
34346
34696
35045
87584
56131
93880
68748
69770
67946
96215
80021
49915
97502
35443
15308
46410
41991
58112
55822
38228
21352
63517
80130
30778
4351
22308
76446
5864
51314
50901
13748
27106
45366
58771
95239
37819
98542
47406
84314
219
33267
70258
2735
45203
41747
34622
86519
16414
57265
45459
25308
13537
28691
44945
42894
77199
46882
31682
90522
99133
30374
7112
60233
90915
81425
35285
13515
44706
45095
97969
80719
64131
30562
70663
50121
31319
46041
69756
58384
30967
51170
59527
41903
93719
1497
83124
43491
25931
24401
75793
28360
51958
30158
88608
26941
4291
75751
92344
75892
67849
35477
75048
86651
22945
94487
95092
5438
75436
92941
91254
20874
4887
91163
3731
81160
70104
82689
91830
66376
48630
88974
70113
14952
4108
53638
27601
45697
3871
97239
22307
28897
48083
53538
81678
1757
18418
59125
35755
40990
77155
6981
22071
4387
70134
10324
90669
42175
30674
95070
91483
88033
91446
34829
57175
79792
50225
37465
28435
31431
28937
29099
15942
19160
54154
23955
2943
68012
61647
41950
43371
38004
41496
49778
59684
79934
31840
3878
46320
35651
36549
83262
30680
42286
81866
3713
54561
10412
30655
52006
36322
85615
39525
191
83470
71816
53224
15853
37825
30541
69978
71410
93503
37663
22577
36737
10097
9950
13605
9213
87544
10817
53155
29304
49477
17067
95199
57558
36266
96220
16953
84524
89047
27748
54611
75077
78089
47084
30095
52401
6993
45381
77545
91470
65769
80711
68170
1006
59074
84680
16543
6418
91386
70325
2510
56774
76717
77496
52120
60358
64611
58287
257
6308
73403
408
3867
5523
26401
32946
53705
51775
70742
68527
24633
8370
9686
43463
5316
17299
20565
48650
73118
26099
12968
49258
54769
68977
16338
32923
50123
31716
87984
93208
72099
25185
51317
10333
16362
94174
44385
37570
69821
80254
26630
5205
6243
19969
66077
45376
25172
43172
70423
59387
98313
64576
44086
440
94511
84562
64743
68416
20577
88008
96208
2763
55612
93126
1243
59132
82154
17345
9695
83142
99726
96803
43693
55478
41834
31929
22439
13491
29604
88342
67156
68163
64162
43207
80643
98904
25805
89285
13962
16299
95039
37017
29435
88374
35325
65863
5145
95203
36844
5181
32812
82055
94118
32719
70367
14803
21837
27415
8567
49665
49174
81262
20370
24875
94140
15046
72031
61396
67199
74033
65502
16104
31009
96447
79159
96495
63022
28939
35621
77284
84343
69064
53653
88382
42836
24418
82515
32969
87420
55315
99693
79420
53292
18
37679
69466
93579
7973
2211
83705
47938
36550
1914
84485
45227
18374
13821
32559
36887
28593
56923
32658
843
10327
80463
42252
71899
85649
84847
239
9434
65642
72901
80633
39031
19244
87294
47839
69401
47216
44257
49474
82083
16448
97441
61336
28780
52708
35916
70854
94895
71990
86605
45248
26453
15865
33514
81432
15604
56825
89930
10122
50386
82290
58823
82306
19677
80172
71840
79421
5589
42184
521
94168
77418
25022
88604
80662
92315
90810
89266
92965
9813
35645
70010
7985
90250
14972
99063
13584
427
32424
47290
87364
87287
11972
22936
28539
32707
24664
17631
29746
16159
59639
77455
32770
25328
2041
43184
46254
65612
84947
18813
51801
46486
41849
51990
98698
1183
43573
10981
98328
8246
1666
55614
95559
13378
78659
5354
25930
75424
12061
72533
15640
85244
48353
97170
75063
6721
82659
80583
55564
23372
43815
77022
84684
21496
79412
57818
19580
92384
56605
43394
14068
86204
63221
94704
69430
8528
78895
3734
18039
98664
85949
46631
35119
78030
68705
24030
23922
74322
55498
39320
75581
44846
48521
32874
20972
76300
98632
38816
58945
52955
42482
59503
59051
59702
30882
95576
53504
35891
46735
22311
67256
84763
62505
51361
6025
13445
40504
81975
75626
64789
87133
4509
31502
55351
84058
75168
1499
50415
96183
54847
63255
86452
11946
26076
50559
41718
35129
91321
25855
12937
30583
65468
2653
74215
37713
31772
39215
85125
44560
7502
31823
51329
15238
90416
18121
86870
6890
33573
24126
75963
56179
88604
52296
65519
13631
32853
95823
61179
41056
33638
57604
52470
70156
90321
49849
93454
29797
75097
13898
83818
46680
737
65666
83099
40487
2188
85559
296
62866
18363
52504
95382
87119
25668
81962
55134
75482
17207
93967
6512
62370
16644
58981
55350
3298
70063
2229
52597
49603
32532
20044
62524
68935
44863
68716
17798
87918
53220
8138
68369
79906
7028
41583
76337
67940
75431
11940
48712
19508
9444
87111
89804
44660
43003
71728
73411
20887
57087
74040
77071
30883
16274
7719
11927
39142
39247
10153
64718
52634
7038
31679
19770
12206
65896
6755
35156
14059
95632
32507
73714
41318
86599
76023
59776
54473
90510
79702
27292
10562
93589
45466
5667
92044
2911
84753
96696
8865
98948
48566
65309
90638
77737
67654
25052
97430
68313
98941
30597
57668
38652
44264
76741
21426
31151
2708
86987
60084
68193
11506
91877
54487
70205
3048
6203
37342
48416
70406
58758
47636
86603
61094
49218
33876
3364
20528
62725
14970
10455
51011
90507
37575
23129
27908
56502
6244
80489
91624
40411
68062
28420
11014
23670
50270
121
11802
60512
68159
59997
80663
40832
42813
76526
27602
36964
81360
9721
75970
12034
41171
20771
84835
65679
58725
16425
6550
75572
87079
42572
18870
62214
14995
64249
76273
34506
54488
2993
38027
18152
2833
83846
65007
24704
4685
64932
30931
83850
19594
96230
61407
1209
61921
15271
24908
51465
69733
3635
93411
19087
63332
6298
67600
11101
48753
51399
22351
28583
61036
14393
43226
71558
48009
35115
79846
29884
71530
93596
30640
16174
76962
87849
529
37136
63549
3349
51066
10438
96770
96898
88439
4598
77046
67221
19013
68351
59900
78021
59971
21483
30316
87396
97219
81683
62405
15158
73424
57107
55140
80962
84724
24201
56133
71305
28503
1362
72185
41275
49797
84221
84140
38896
71239
94718
41388
44520
4929
33040
97209
64601
30796
16414
96868
35220
78135
38717
22840
326
29110
67772
19158
1355
52632
82767
15777
58008
192
13169
41446
78285
21535
44747
77994
85720
37002
34720
43716
13683
67816
50159
96303
2077
79030
63663
99574
60575
58407
93265
44984
10125
11348
2506
10993
73256
20697
39221
79257
964
42516
64106
85169
65401
90291
30986
11100
58364
68737
52403
81580
74231
88070
70865
37139
30227
52141
21796
7986
55432
48021
93442
37906
85738
67737
83699
2201
60244
1283
43599
9854
97166
73620
66100
66320
54575
20353
47234
23527
98769
99444
62719
13539
28191
22243
37970
46982
46711
1840
45077
37377
77336
34095
76842
85241
35875
83678
23347
93274
47272
45278
73311
9869
85206
4360
9135
99248
86329
60413
67198
50430
80441
13243
34460
3191
68205
12648
49970
37553
88078
11454
99833
95162
58666
14217
46444
189
89312
5134
77368
62018
96457
61910
77412
23280
71192
85141
96838
33443
25295
53817
97791
13459
54114
22676
17560
85016
55919
44930
36961
23230
64017
80373
59658
63737
63349
59709
28841
31658
14302
80107
9454
12502
30102
70496
32545
743
5360
74590
19687
14494
85340
95023
5582
38188
49270
88597
67048
31645
91038
33502
12084
28085
62393
51853
31186
17674
82077
95496
45770
83306
20780
21234
25985
40123
52027
60605
71274
21942
14129
67858
49832
52511
47003
6933
98773
5146
89459
35908
15914
27941
82868
92228
754
8484
34460
60253
99087
59239
26109
44115
47099
27588
49862
34068
26672
79870
60495
69811
90761
87925
45187
61139
69109
51748
26591
65964
53777
69671
7017
6766
32792
13309
28445
18964
96811
56998
11657
15313
93718
16848
77279
25820
22573
31161
31586
7930
6931
79903
23342
3934
95345
26366
48158
87869
48707
88788
74018
35519
12418
89551
42150
65714
73024
21286
59910
25060
70726
44203
37236
43100
76489
61944
48507
50834
38483
93239
37045
98070
87310
16111
47944
40939
6744
58077
8322
14082
98820
63213
96888
55159
51412
21160
42218
99466
78151
63153
25190
32118
36399
44214
63632
21858
55775
49912
40873
5913
60307
10988
69761
61010
96062
6471
70376
49135
82828
8952
64080
21585
18998
55238
96513
4299
73161
90305
96429
1958
64582
6536
28743
26776
47701
90727
26258
39398
73426
7471
43295
8540
19716
87844
4649
95677
59934
48962
21545
63981
27398
67209
75447
13146
73533
13935
35275
31642
23579
686
27236
87044
15333
80587
77063
32676
15212
31731
89053
28056
9243
56231
35022
86900
94301
55238
4282
39959
97169
98396
1796
66867
79653
78224
85299
40647
73481
25014
41567
98308
28178
59558
18801
76518
79865
83359
80145
73519
68806
47975
41326
99837
19836
47336
229
26732
84548
92885
95317
57930
41895
11842
52054
21550
19487
5809
73068
72628
73297
69181
20896
6047
20789
76703
82726
68862
85448
39089
25743
38498
74584
61072
83138
26076
15987
32481
60897
4067
48074
53647
86951
21270
61989
4822
33533
76262
51715
51129
4500
57992
58574
89713
71610
84090
97290
93496
92241
46352
16730
76464
41359
2675
72315
38500
30563
48007
30481
39837
33673
11626
58324
80494
5005
30757
48718
52814
76739
28041
38563
38593
33653
86048
96829
7488
98993
3056
11493
25319
88264
57012
86221
81
99208
93531
36122
64869
7280
53917
32026
3634
69135
62817
51892
44921
88547
7394
22198
65801
47746
37230
17370
1039
66661
66536
22780
48992
30701
65474
80227
76396
85565
99238
95949
46649
73715
48751
40299
93215
71555
78270
2502
80454
10970
51936
51802
35700
16117
68099
26210
92804
35613
62013
28720
60264
56157
80538
43331
31570
83094
75237
50088
56536
66066
53364
26226
20099
22056
21115
12739
70332
18299
38439
72660
15036
10687
26301
64224
75901
7598
53657
3576
80180
61113
96708
32359
26086
19255
733
60206
76347
81044
35720
42738
34019
43721
1106
9864
44692
40691
72667
69326
3010
44407
38890
72592
20932
36007
37441
89782
37084
68767
76839
66866
516
72619
58944
32441
69391
88945
59892
76260
46518
81919
83838
60661
16913
51548
64928
55312
12577
500
96011
93424
7560
40752
66747
25527
85721
80496
53824
44798
51560
40356
63042
44887
41696
28245
91622
59882
48909
10454
21726
40561
76728
97784
91040
83222
75317
23496
32473
28293
15674
21283
93892
89004
87535
4173
18131
45119
96932
29200
79819
35149
92808
85985
23554
67538
26475
81810
54001
96090
15048
27917
71887
86919
39422
80583
86906
526
51101
91091
77481
52838
33010
30297
75462
3100
23234
64467
45897
76571
32281
81905
75341
48749
61940
11340
99182
88817
90082
50730
89739
2482
98285
9411
87662
43564
28332
22475
52006
40064
46407
76049
840
2746
51913
41850
23058
91835
8234
10599
48229
76790
68695
34549
44375
38487
14235
27743
49090
37720
94976
42794
69561
30575
45180
18987
75740
59191
60222
44932
98784
81178
53834
32683
9523
16430
93068
43561
34754
90841
20014
871
65129
59382
59316
51721
40662
60171
27906
45574
49428
10858
76058
4227
72253
35597
63773
48552
20951
93564
55385
37722
36313
19886
94259
80316
22643
90591
90760
55324
45691
44731
73644
56598
3064
30000
46150
92396
14897
57784
14392
36833
71391
72519
72714
89845
12021
95741
33934
57790
86437
86864
54395
24579
20208
76206
6782
1526
30525
15203
80771
78034
15578
72932
77729
56813
79247
77654
34681
32680
61587
41216
65833
55388
72894
71164
55278
37277
53927
90097
99737
64209
23368
69969
88061
45323
30794
49038
46094
31487
89960
28409
55344
84966
12465
74291
91380
18918
81459
6923
67482
34021
66716
89156
44007
94341
51662
66901
58288
68130
50271
2369
25847
40677
98342
58040
50516
41251
19194
73908
61777
26167
40813
91329
2864
777
90698
94527
78259
44352
21260
85749
20256
52219
91495
85538
8218
18583
70656
46320
17855
44078
70413
90859
82369
95474
98401
51519
91368
4228
28292
34193
3000
52902
79945
90543
50431
32133
64983
27128
86957
94814
53526
93673
29218
41487
43763
99373
90659
99579
87496
80542
74766
27066
29377
70589
40525
15083
66303
69100
72058
84220
62838
77696
53349
90840
52776
17418
675
38852
45495
46751
55639
95065
58598
14415
68109
58818
77411
89317
49875
51560
52209
54761
75366
37287
81903
9236
86581
10771
48264
42462
72199
6092
66412
57139
28340
72584
65765
91643
51057
78520
36900
89004
58567
39559
27254
31692
5320
26192
26560
78270
11377
6390
95796
45713
21928
34787
71142
70982
78522
45552
69712
92487
35540
75728
40987
42739
80925
31902
91524
86751
22111
86689
98066
56890
61120
49682
10091
57346
66603
99790
73568
93629
56431
94922
17216
73236
91652
77473
20676
3771
95014
98721
96639
10984
53340
7151
68379
26848
92502
9528
9769
69051
66382
1870
73522
71212
8376
17876
70716
3416
80873
36808
80804
26301
81783
4616
38635
8629
14101
19670
36370
91965
39069
77200
97413
97514
78305
40884
68
33267
28133
50265
85216
56532
55422
29043
20323
7639
80733
31966
6984
65079
25339
4913
42020
44503
42869
15215
72909
74888
34564
59651
13485
85101
58032
932
64558
68663
44201
26735
22137
74118
95864
3206
84887
50626
53064
12586
90473
72991
99686
70795
85230
46237
95780
36455
28882
49408
59267
39326
97628
6725
51248
55103
5740
47927
17330
93817
57993
73488
45175
76383
16119
84239
31934
16935
8071
21233
3016
5550
17655
13023
79110
99182
92403
89577
21445
794
61842
2788
74808
37470
51687
78161
76156
50208
39259
19068
67044
43440
57428
45829
29303
6509
63266
86370
7216
79443
67433
32832
7152
41004
16675
74816
62237
20056
26061
75031
93874
72291
37039
77853
17677
30065
94173
30599
76992
84715
93540
91548
61170
46814
58849
77327
27712
68426
79297
90613
45960
99610
10637
79850
47
22222
70601
50362
75983
61086
7871
83454
68379
75658
34754
99677
35123
21034
53950
39040
74317
71646
26681
55873
47065
57840
56354
6461
26269
89408
8184
64694
45139
58815
50504
9235
41964
76038
84198
11992
24712
30288
78833
50940
78899
95334
99595
80425
66871
70036
56332
72819
36585
81565
66346
71451
6186
92078
76531
41957
49231
84436
39401
76423
14811
98242
95093
52530
34224
98962
98549
65897
5208
81118
53265
94964
98029
24995
53960
15345
2364
89810
91422
34078
63301
61083
281
8879
62187
77348
23476
22282
30526
62367
39385
40201
84755
69655
58862
61791
37740
37440
52466
87119
6798
43266
17640
44803
21317
4833
14584
18719
68643
78406
12114
7220
20634
61959
37145
71431
44671
77550
66697
82937
95959
7007
44435
49632
4503
37247
54644
88987
85953
68781
61395
8900
36110
70262
16641
85131
48878
41908
45268
56319
3858
22948
968
39470
24364
77510
38914
28863
66243
76850
1808
54439
68567
18758
51634
31742
19340
26345
66955
12696
36509
31904
74993
90073
41170
55384
10305
21771
82200
70987
4138
2669
34260
29035
7598
42603
96732
58092
65609
1175
46946
45973
6870
43977
70189
20895
12545
47988
39134
45767
60694
24830
26850
80654
29210
24799
22847
82681
21394
20098
19359
12909
47870
56354
85441
10995
13475
31628
55134
54352
51456
15535
99847
4306
22877
59294
87060
21217
38772
7804
15417
21804
11954
24030
1379
87656
86918
52719
21035
9027
49984
69017
44424
96199
58812
82099
91100
2422
51232
87173
75517
65876
98686
65959
15550
8162
18577
74273
52731
6288
36131
65346
80930
84946
35926
99359
39537
49687
39772
15191
3919
40872
3320
38086
51427
27064
77404
77636
20001
41111
11280
76547
94914
88799
17643
40312
97104
16610
51889
44686
95658
70043
60486
82057
19994
82063
47525
74405
38478
77610
48529
52296
62557
50084
43125
78327
91805
56504
79587
77325
93731
2561
80981
77192
16114
73933
12234
99587
6671
61022
99028
43449
43548
15190
15543
96976
82983
57266
87183
87452
21285
4123
73914
44976
71164
13070
44558
70792
60143
11676
46837
5871
69420
31958
99149
78820
18814
92346
39938
7135
53388
26919
39562
14881
94083
71432
23788
50536
53721
63503
53353
3496
41471
89132
14007
36287
33934
4225
92919
93531
58966
52977
1996
35430
37359
66600
8420
66944
57015
37383
11632
30366
99752
68281
6526
27842
78873
95731
89713
55843
40286
73864
77560
29918
31830
43635
75269
55355
74507
57546
44622
77682
65230
94897
21111
57617
95628
88804
4302
2922
32635
30227
41187
63549
21372
28481
44675
19065
22353
35243
99236
47757
79926
71104
26565
68675
91239
51495
66109
97361
99755
54897
71634
22256
89071
97274
985
42572
91898
23477
50708
1961
12294
63532
36255
31885
66447
56949
94711
46958
84798
52276
25740
73056
27836
85184
98151
57249
94964
3050
92483
77241
12282
24110
11496
69789
91347
31379
32450
60734
57247
28598
10338
22163
29858
56600
99907
38313
80435
58452
95879
40167
26714
12874
45791
64399
18921
73484
40703
74909
57691
67072
86208
5799
85845
13882
86090
54525
65024
62525
56984
19762
385
85814
51377
28179
94231
87755
31434
42886
43496
75945
66461
11130
2068
50798
34192
96389
71750
33128
10431
40680
66177
33393
18369
10203
76388
57237
90996
58326
79322
55683
20324
39093
45437
43365
45111
16982
34812
46763
68663
42776
3639
70642
5926
71101
27110
63243
89985
47447
27324
76304
44285
13337
6060
14353
43035
80063
36079
59346
54813
69055
52793
54077
76032
69559
67241
10621
66724
77415
23176
96689
35633
93733
79291
86741
31625
5775
15947
18117
577
48477
4148
82926
68989
40433
57217
5510
16799
51502
46981
38851
41653
28094
17668
89357
93314
53489
16709
29534
61035
34412
10416
3490
60222
4373
3012
64294
8523
32660
26782
67216
2282
74214
78645
66873
99722
28717
92674
36146
4802
56792
67346
63491
51983
88045
83852
93784
29402
33395
93760
69156
19478
90344
72328
85238
24157
77268
72564
48907
72795
55587
14887
84220
11605
47485
40229
35903
89200
27162
30277
81828
85235
36810
8783
86190
32577
4435
82251
45548
68881
15363
25030
37870
16449
63330
61721
4611
19591
75700
65672
63077
78498
40698
48712
88386
20153
53533
7543
40491
21732
88569
84784
5290
66676
29223
27018
78993
8662
60118
47290
49223
61411
36383
17775
52983
78317
33487
34696
2826
10099
62861
78971
22148
15953
3612
12670
11526
54302
15293
76306
55133
56130
30705
53859
91604
81544
20249
29536
89677
11944
82486
82183
5174
79374
6842
75766
65846
27913
96091
48879
50430
95649
66518
22298
29816
52176
73244
22675
78072
66288
42748
84948
17110
25828
77747
4678
6644
29326
76750
10609
77027
16215
23361
64736
47470
17720
21427
12824
84550
57026
60510
90379
26505
9436
77630
4166
6409
35435
93533
13386
63606
27911
14527
43874
50910
81377
5800
51185
21323
25933
50241
16148
5961
4524
48875
20303
35044
3843
47446
42020
93570
80140
1295
68382
56924
70828
87733
77733
33704
45798
62207
9235
37140
20919
74478
25964
1582
38786
6776
28965
40508
60669
16528
30102
34832
61692
63444
74488
1057
25519
98268
79434
61140
5959
54629
52359
10357
36030
65567
93740
59412
95265
81867
66376
20571
23734
7146
24745
43426
53614
6709
76034
64539
48254
34956
24179
62428
41758
54758
433
60499
56542
66390
81188
23482
54315
40269
35173
62844
33646
96650
95200
53287
93422
39584
10176
47095
86994
99416
73938
78036
22057
5397
79672
93845
9473
60102
56626
57145
46006
84231
2950
16659
99000
66422
98905
9101
82377
28656
90109
9772
4806
4043
12104
87854
44336
52837
42522
65394
50397
45033
88680
81235
2636
61066
67051
89597
95330
54348
58291
65975
49130
44163
52129
58787
51445
53301
29980
32568
32308
1461
20768
55186
77755
96834
74001
17393
14947
26961
51779
21326
65527
63209
55710
11502
37698
97209
15850
45910
69855
48953
78444
11369
68589
70099
68187
81403
55149
54044
76846
36433
79924
41170
25644
86611
30047
29330
26257
45929
54145
30714
94933
55110
87100
5660
46980
25956
83694
63073
96063
49532
18756
74089
88530
42519
30806
58962
14122
34655
17854
21170
77092
26140
66768
76462
96594
88763
61970
19183
44568
88713
6082
4174
68658
49057
9482
21998
20816
13450
37682
68964
21815
45856
6411
91402
94401
41747
93227
17733
76082
44089
2210
71604
84713
61696
41835
43300
2891
1749
59754
31993
47110
88794
15538
6350
5551
36686
27279
11004
90248
48490
47372
32728
58736
15495
59938
25496
29888
80026
26667
36101
900
45261
50570
60829
11827
62519
97411
36845
65937
93476
49289
12536
38444
68065
32051
47526
52746
84457
49625
98416
71266
57143
64561
94877
7698
14904
49024
84586
34637
29080
2460
41253
51290
46716
99139
73328
14069
14498
35973
81647
32943
5057
34854
76846
59196
19048
14906
66293
63685
38184
32232
3944
6823
22976
98241
72271
31567
5479
19271
95162
98464
6302
49906
33317
59661
77264
68406
13966
40722
38288
7637
6141
3676
10898
89996
89283
64661
41582
1489
68128
53765
63445
55850
41029
37900
33341
4738
18671
51943
29919
23716
74665
41491
27537
97470
5228
53977
22022
86853
11874
79466
99224
50434
12318
70222
36982
2824
89648
90282
96330
46005
78111
80272
48410
55797
78295
39197
40602
9628
39899
54460
45247
57642
43730
14100
36908
94774
24167
26858
25500
18036
79270
21933
63967
73565
59272
95966
17549
31524
20077
364
89521
83629
66615
74337
84191
27944
3239
7369
61045
92317
90893
19532
67933
46363
84473
39431
25990
8106
83048
51843
74092
72556
35706
22877
16692
93247
71917
14618
1643
50725
2576
6040
77443
9692
26928
59609
84392
41845
41189
25381
68616
46585
86485
67200
5023
76985
50100
82089
20809
14390
76529
99277
51954
34451
23744
11510
41164
96863
58629
70955
85431
19414
52871
41064
29092
36572
32922
79529
83161
91147
60619
35436
53646
31393
62519
23814
48104
10482
14443
71687
97095
497
98126
86535
22994
37654
27735
68930
56344
72947
26237
33524
65017
75003
93503
6938
46367
97931
96656
2602
40672
31640
22662
28460
80308
48005
31059
97987
91053
91706
78066
9151
89352
18653
48660
37420
9180
17217
21605
12911
68984
26748
47481
76764
32128
1536
4402
30732
57514
8961
33790
24185
98126
81663
76852
36492
45107
6652
88238
84972
35330
83345
58546
86019
48796
72025
30710
19904
1618
3959
94884
77454
76657
11043
56544
35378
13832
13579
82607
92296
59600
17148
92581
16188
96244
44159
36938
53878
45917
77849
82511
90300
20254
33149
41406
41644
63099
30342
88717
88786
938
74420
65954
12287
15831
68198
20073
31556
23363
52568
42273
2523
2967
94310
25979
52302
2327
27223
70661
67419
99651
5540
80355
22043
64266
42113
68693
57540
79004
44462
29881
97168
56582
78602
59422
32921
67659
99195
55726
4528
93584
79131
77970
53859
35335
46131
60074
62960
71079
22711
86416
52745
32763
1324
43225
54790
62718
42077
85043
87373
18805
49792
42384
73815
38956
32882
75435
21304
41401
55527
38254
10015
75739
32495
7570
79089
39944
80434
79324
75521
94187
57207
63025
91956
80180
57245
31800
33827
91982
73699
84772
63963
55006
40458
12343
79653
70863
23691
98928
39485
16242
85408
56780
42568
40665
68354
6551
10912
40969
33197
5261
30823
28299
29754
33421
92167
48018
39170
74336
18881
62756
35945
64680
80824
86069
69146
66560
8671
21136
65272
50516
21193
61053
53125
67443
61479
45400
29458
50088
68808
48845
95467
23331
26763
99314
1164
11797
82288
64215
3656
63712
57574
87352
83586
2400
22750
44605
41827
14861
83394
