991
633 830
612 747
880 1306
802 1360
568 1270
615 1232
21 614
652 1361
948 1185
551 1372
308 1378
577 1018
592 1220
272 1289
955 1133
190 777
594 648
724 1011
387 619
361 698
326 1165
145 895
685 1399
318 686
561 1388
44 1191
103 805
880 910
624 1201
161 739
971 1108
868 1229
285 680
154 613
265 1050
430 714
466 1238
789 865
783 1329
30 647
617 939
332 1367
276 1018
390 996
626 1232
266 1286
120 931
898 1229
705 960
225 878
972 1138
740 784
560 1052
769 1229
600 768
545 1273
736 877
798 1143
856 987
481 1180
625 728
323 672
244 1303
688 977
809 1130
989 1036
904 1146
209 1289
761 906
884 1047
397 724
942 1062
959 1309
443 834
110 1367
457 1131
676 1049
38 930
595 734
113 824
486 623
228 1227
151 1367
372 639
203 631
779 973
829 1185
862 930
86 1245
173 656
754 1209
842 1371
699 953
41 933
91 888
767 1058
666 1240
645 1141
359 1096
541 639
279 712
140 890
682 996
489 1279
40 979
550 937
221 1289
495 1035
195 998
719 1145
772 1201
17 1188
805 984
891 1121
513 710
213 1290
340 804
533 1104
56 1064
897 1292
382 1324
714 1385
491 1249
788 1099
461 668
844 868
586 734
635 1155
392 806
189 616
468 1093
165 962
866 1124
552 756
133 883
349 1069
755 862
273 1105
136 671
686 1232
946 1382
90 664
532 1146
22 990
441 839
673 987
678 692
251 1181
97 815
35 680
796 1164
284 829
207 1258
422 952
889 990
181 1156
108 1147
579 651
841 937
642 658
75 735
470 1060
610 952
593 841
721 853
444 1044
869 1245
36 952
695 1018
222 1138
800 889
217 1028
795 1200
703 1093
479 671
240 1399
648 821
414 701
530 617
314 874
819 874
962 1024
394 974
555 688
230 1184
15 1320
831 1227
888 1368
294 616
464 865
329 737
122 697
759 1383
782 1199
48 962
118 737
858 921
748 967
646 1119
72 775
965 979
553 1028
346 1301
33 1037
418 1188
996 1072
9 861
139 1048
674 791
439 1380
605 1225
379 1318
396 1234
227 1292
621 811
393 1348
95 688
298 644
435 1254
581 1336
870 1149
307 1212
477 731
524 824
528 713
176 834
142 793
651 1200
876 1171
380 663
412 1124
14 1152
757 953
902 1078
974 1090
580 1268
556 1232
882 1225
599 1398
942 997
789 963
480 973
780 1272
126 959
138 652
694 1010
712 913
12 950
259 1057
313 1339
478 1193
413 829
563 1085
426 1036
764 1316
904 947
742 761
610 883
991 1272
693 709
49 1196
737 791
153 611
271 1143
16 1214
697 980
640 807
702 929
643 1187
350 896
589 1304
867 1006
793 1128
27 1150
810 1203
58 944
874 1231
623 937
78 1059
847 1044
503 637
820 1394
282 1127
918 1273
557 719
881 1255
352 631
641 979
845 984
924 1214
115 682
628 673
709 913
42 1158
689 1363
211 646
701 1038
327 1209
846 961
305 633
149 946
677 883
322 1109
658 1378
256 834
99 1067
87 1070
351 1041
608 1356
837 965
312 1198
408 1359
843 1159
460 1352
626 986
57 840
484 1019
475 953
548 806
932 1038
619 1168
483 1192
650 929
834 1128
289 602
280 1216
303 1306
620 941
720 1048
32 850
137 714
613 842
790 1023
544 1276
572 1017
753 1010
344 780
774 908
602 866
403 717
236 1270
700 744
281 1093
792 1114
775 1240
523 826
743 1143
745 780
395 1339
756 985
398 850
98 1003
758 908
543 791
101 773
499 628
935 953
618 1128
302 1176
659 1241
973 1005
777 791
257 747
640 1216
951 1364
664 1098
537 1072
260 1326
473 1085
631 847
311 900
320 1085
665 829
106 1365
525 884
812 953
451 1022
179 1156
670 748
247 1253
564 841
719 954
531 1293
172 1183
493 614
681 797
569 800
925 953
191 946
944 1114
642 805
187 1168
627 1070
610 1049
31 613
292 1022
216 876
639 1353
872 1180
111 697
919 1269
766 822
63 1197
193 1351
488 627
907 1165
634 1154
796 873
448 1338
756 813
559 901
324 654
365 714
871 1386
886 1371
454 1119
738 1129
507 887
330 1298
102 976
672 1076
814 1346
404 1014
436 893
529 1240
264 1005
675 800
916 1244
860 1277
636 1227
779 799
399 620
653 1093
401 1149
662 684
55 1174
26 617
54 709
242 1152
215 973
703 977
723 1248
588 777
630 1059
542 782
554 1275
602 741
729 827
84 687
363 1093
93 613
177 962
229 1102
811 1336
462 1307
92 1146
485 1312
583 1308
135 711
894 1180
804 854
700 1210
731 1258
558 1149
668 902
664 817
622 654
681 1247
700 920
277 1211
59 1250
931 1141
134 748
141 932
185 1234
817 992
371 935
274 950
437 735
691 824
785 1130
762 988
506 624
975 1080
923 1052
278 1245
643 729
212 1293
840 952
434 1247
494 748
184 1296
598 1353
23 1047
698 722
498 777
734 786
262 1207
245 1258
77 1049
428 1081
706 1334
150 1393
123 1078
476 786
823 1149
644 750
771 887
758 1196
852 1366
626 836
218 1164
43 865
241 1068
243 671
527 888
865 1090
993 1121
487 714
940 999
718 792
174 795
384 865
472 1184
660 738
76 774
263 1048
24 1092
107 1093
930 1279
496 737
254 760
729 806
223 671
465 1253
671 714
105 1214
53 955
34 764
445 650
760 991
625 1268
654 858
917 983
336 741
715 900
376 818
270 1098
982 1149
747 786
562 959
911 1287
534 1278
629 659
419 678
250 888
571 1226
338 706
731 940
765 1194
415 709
576 766
290 1059
319 962
81 1114
275 1317
763 1109
839 1314
67 1356
334 1164
235 907
66 766
152 702
587 750
855 1101
170 1116
343 1318
353 1392
616 829
333 1122
803 1276
369 802
863 961
168 801
522 861
11 775
893 1168
183 1283
669 692
687 1019
29 688
197 1001
833 1070
288 1158
502 770
360 1119
249 709
964 1057
617 1146
252 805
851 1290
157 617
698 937
726 1098
735 1251
941 1228
511 944
175 1290
129 1116
600 736
713 802
356 1187
878 1316
998 1357
600 715
573 646
68 859
452 1269
938 1152
928 1024
205 1179
828 1099
424 924
885 1231
100 1138
220 948
518 656
159 1061
899 1194
667 994
632 1150
926 1289
917 946
46 611
501 1341
268 865
709 1019
52 768
169 785
791 1146
116 833
385 735
10 653
585 1216
64 710
267 795
566 646
309 629
362 714
375 1345
617 853
711 1292
400 749
381 1236
304 1370
409 1346
425 613
649 1275
204 1106
391 838
156 1106
316 1342
300 1023
722 961
611 1131
650 992
943 1357
131 1222
121 1059
567 1140
423 1209
6 640
450 1275
969 1163
696 774
515 860
538 1217
374 1275
410 1218
624 773
717 1078
896 1047
80 1200
162 1376
749 914
117 864
516 841
7 684
505 1055
680 1145
301 851
342 1099
492 1258
8 1201
143 1115
440 792
194 1211
497 1273
704 1364
716 1268
88 1289
606 644
633 1099
509 798
936 946
119 992
73 939
306 1093
655 864
699 945
248 780
237 1255
96 798
601 828
730 783
934 1213
467 1380
453 1160
751 839
787 791
512 1309
638 968
283 681
591 882
824 976
892 1003
521 755
325 1057
85 697
761 961
125 1107
261 970
310 874
144 817
432 1205
500 1124
482 756
13 878
354 1217
335 1181
864 1018
74 705
114 1201
167 681
214 934
965 982
875 883
508 643
858 963
849 953
463 721
378 984
670 926
612 961
510 1226
608 848
879 1290
51 999
377 779
39 723
146 1232
345 805
402 603
526 1047
570 1195
740 976
28 628
958 1180
128 994
60 760
825 1098
988 1317
192 1292
821 987
756 1396
590 1326
206 821
442 1283
224 617
695 818
158 1225
406 1240
707 1163
603 1293
347 1057
383 783
901 1093
535 1367
188 663
407 994
357 1162
155 667
469 1392
850 1070
226 970
253 727
667 810
416 1349
656 804
239 716
578 658
315 948
291 1099
449 951
130 1214
171 1371
739 949
575 865
366 1360
456 805
431 1276
50 773
208 719
604 833
295 1396
749 1053
331 1336
339 1041
127 860
386 1157
732 1218
112 698
708 1112
835 1190
286 675
519 959
636 970
296 1165
794 933
269 1060
801 1290
232 1150
438 675
733 1358
164 757
927 1393
258 1077
607 727
299 1166
710 860
388 602
18 705
458 853
455 1356
287 761
966 1286
565 1196
933 1287
684 838
949 1001
504 883
297 692
104 774
950 1078
446 975
20 984
348 1248
895 1367
45 1359
514 612
370 1166
82 1008
148 1370
70 1229
808 1355
909 1293
597 828
582 629
540 984
219 1287
69 969
234 1146
459 1382
124 1124
770 926
25 949
746 1115
673 1360
981 1198
690 865
474 884
65 709
776 1039
520 1132
823 960
549 869
978 1093
671 727
832 1370
233 1170
89 1153
915 1223
740 1358
574 907
957 1272
826 1289
816 1070
420 614
367 687
83 664
37 1069
761 1117
517 864
657 658
317 1398
358 744
859 1137
766 1106
857 1365
178 1383
231 709
614 1318
752 1140
427 736
547 941
584 851
815 853
71 679
364 1131
368 1240
79 1234
417 922
61 1194
202 717
19 754
411 735
638 714
337 698
321 697
684 1371
903 1339
447 1197
678 905
199 834
471 820
200 1201
201 1364
238 1222
663 833
109 1103
683 801
934 990
912 1064
186 1190
355 709
429 1154
490 1321
293 614
255 1023
94 1162
433 1218
539 971
182 974
725 1146
546 617
995 1286
609 890
647 1145
926 956
198 660
47 1222
861 1273
389 1359
166 1019
160 619
341 1103
421 1086
132 1227
5 851
750 1009
536 962
692 1054
922 1048
637 1200
661 694
925 1024
890 1076
180 785
246 1109
373 1368
62 1153
328 952
210 1361
768 1141
697 1111
781 1093
596 875
679 1166
405 800
196 669
771 779
