1000
973524 541
8636612 304
1052091 447
8839449 405
2691384 87
5794836 410
5949134 193
7060891 585
938418 377
3632327 946
8159769 328
3398198 637
657304 490
3101244 806
5694462 743
3412460 476
4473930 221
7351926 459
1356328 516
5126966 295
4776602 69
5376820 124
255136 449
9707740 257
7618077 425
3981037 854
3677924 873
1357219 55
7457030 154
1411518 134
356752 129
1399923 423
1219307 535
1996491 567
9201652 528
5190092 112
386242 148
6294518 186
5806949 196
5585026 160
1382454 406
284260 698
2686056 399
8793116 139
1948251 257
1261755 226
1805814 447
7351681 485
5767423 238
1330805 451
4128249 141
1571031 443
5069648 418
3808343 824
2697872 260
4090245 518
2061277 708
2462023 222
8531285 183
8761003 576
5653637 589
2577387 261
9774954 285
2398483 397
166086 345
1911816 235
593167 442
7018574 78
8684823 166
379631 278
7318178 340
1164342 287
5822966 142
2634134 422
3383612 988
450581 344
7223349 140
5449434 540
4924725 591
9823496 262
1447252 187
2658882 68
4806134 142
9134384 340
9356179 182
8222702 318
3405033 773
7871336 352
1646587 318
1400065 104
179125 450
7142589 341
3275988 849
1963378 210
8339316 219
8841747 412
8918877 383
9142608 191
7881 563
5722020 370
3638484 406
6896708 155
1792095 549
1605808 224
9793912 827
6430743 499
6144206 162
9900386 554
3233685 970
9720025 474
3954928 540
1724122 74
5634148 217
6806937 143
9663454 976
8082196 452
397729 519
8285687 108
7423111 246
7770138 408
2771689 933
4792521 312
5043725 75
7028202 576
1553680 380
4697939 287
2664321 580
7693403 483
8991564 127
8955890 406
4917946 170
8452122 52
5617981 390
4593917 403
6094565 306
2540181 388
1964690 82
2664969 506
2852170 591
1569448 201
4186988 596
2520476 441
2709387 281
139828 399
5991642 198
3952387 926
3322711 516
4862191 220
7079224 519
4379012 88
5051457 293
4014931 373
186949 588
5438520 141
6023862 70
6047072 281
3067165 998
6563760 465
2726438 158
5359455 392
2877552 102
597290 53
4995792 208
3431804 923
7447821 432
8495922 107
3752460 734
1287962 394
1960751 143
7979032 653
843308 582
2768764 386
3994734 804
8327011 152
5923291 239
824342 327
850514 809
2535284 423
9591905 274
2578948 530
8429180 149
9722851 924
5247816 562
4826695 497
5592794 62
6857664 171
1590034 593
7903168 510
8232911 463
2124619 211
5416428 70
2422942 431
4045667 144
6702813 142
1300327 290
8050373 196
3185341 594
1707009 297
5362393 245
9000672 63
2726091 452
593758 384
5027474 275
3957806 660
1921466 718
721710 106
5542160 90
9593654 365
7547288 136
8067632 404
9305196 234
4384458 324
8622183 482
7150189 340
9533513 158
6506026 311
5409804 199
3539225 843
4911965 232
2066227 203
6924789 416
2885063 496
238656 535
6955925 298
5275875 560
1702534 395
6881121 573
462199 393
3347745 806
4814084 387
44663 67
1472913 180
5380842 350
5420046 493
8018578 212
5675317 302
4086501 961
700849 383
7254941 346
2584839 144
7189000 258
3688177 740
444247 81
8596925 124
9193279 845
6515980 252
151880 429
7751550 514
9222055 468
3639958 644
6598842 401
5381687 316
3610972 583
6326304 474
8057842 187
2374001 309
6482731 376
5015865 136
5382649 103
3458513 904
745820 126
9405818 282
9224547 436
7361806 62
7735648 467
1804462 281
7213568 338
2800165 151
6798399 117
4521733 170
780827 282
2117894 477
9898126 450
6511438 337
4009108 581
1694139 631
7339317 211
6840901 583
1126298 423
2192816 148
7329559 453
2310646 132
7600449 68
1975370 551
8106247 293
2485286 152
4724115 172
3545409 691
6078487 940
5621661 553
3461655 860
2018736 590
352399 446
8938579 569
4113400 389
2730260 325
2548225 170
3137848 626
9927893 231
7748331 438
592319 277
9204652 332
5468581 358
3617016 1000
6123639 225
8305293 93
7383567 177
5630380 530
4022108 448
6790930 496
3439224 886
2778997 283
6498081 505
2605412 65
8227909 517
2705469 540
7054903 960
4174742 581
4994810 253
5352515 378
6897795 339
9289283 528
6269185 161
488122 539
4396570 582
3911374 939
7903059 531
521964 136
2228922 559
9076125 451
5326827 408
8976289 672
3758290 643
170071 225
4632180 61
5694604 515
6035502 326
4289161 113
3203472 994
328590 587
2726405 62
6919954 826
3411207 927
8813216 530
5090056 905
2114269 308
9721575 591
2612146 563
791848 223
2078504 162
6587538 563
9386695 530
7604139 261
4290572 420
1672770 202
949854 184
6854312 435
7189208 569
8951676 88
8410798 198
8313462 280
4492375 397
9832318 400
414749 485
6508552 534
6541262 530
7773036 75
1445542 665
2797695 93
1409865 446
648201 464
5566085 377
6019787 486
620881 511
5137318 82
8114253 94
5704439 499
1906353 581
9559126 329
674441 354
1584949 469
3073241 487
1660416 272
271181 310
1946188 482
94966 632
115751 461
1107004 196
5768418 101
5215483 76
4116258 153
2319996 249
4359969 588
3744092 994
8762792 437
6534125 114
7060616 180
8575114 563
8770024 160
308503 128
851606 61
4823919 152
5466435 86
5491582 268
7747052 201
6891370 546
3250022 738
8785599 242
4209003 321
7583740 526
7071322 418
290998 588
8921819 427
5896392 237
8102998 164
7838520 167
9405927 523
4606247 282
5861805 138
215181 110
6015428 149
5726507 432
8023829 292
6773395 183
4179436 152
6437826 176
5775215 231
2473924 211
995020 192
6503426 272
4376553 224
6844603 517
5966628 510
4450395 442
380915 357
477119 215
1404804 488
3106435 955
6067871 183
1729621 939
1898292 78
3543466 440
7668509 254
4013441 269
3647236 455
5459304 373
5916685 494
6696818 360
9981298 326
1891792 552
4565875 434
140283 190
6694702 547
4113341 484
8941379 435
3495084 881
4738192 586
8032526 73
2887419 312
9724096 231
3985818 976
2747674 285
2187580 73
5085035 67
3537376 637
670176 453
993925 83
3538203 474
3638184 963
9398154 487
9626259 104
7384505 387
1313006 312
8786530 811
1265035 491
4110735 249
5689913 110
9842846 431
1852829 160
3279586 624
9861050 325
8772165 245
8773182 582
4031923 253
2709994 769
862303 413
5890747 585
6180948 271
4064372 419
3995247 832
2526623 829
3809278 983
3319237 715
7728826 661
7111490 400
2668221 274
4871054 299
2492696 235
9003928 139
5646273 562
513636 117
2198212 194
4224348 549
2428624 412
9957199 268
8579737 374
7735452 570
3288753 430
5108934 97
8025302 526
8005824 772
2230407 592
3970955 849
3079871 652
6608210 102
2249537 208
830353 537
4268176 388
3693505 537
2642853 354
1507740 106
4218613 51
9275791 812
4614429 364
2960349 597
9360296 387
5155046 199
4528692 272
1137964 311
1583580 185
8819153 326
3274601 544
6483709 429
7548505 152
5782858 179
2493308 156
5668073 590
2620378 276
9111722 566
327499 143
2467717 580
3435026 464
23325 443
6172396 786
2001073 143
1001996 568
4075133 175
8237478 280
8915891 455
6331237 189
2708063 421
5714498 392
1380836 550
9440967 591
3732495 742
2156069 350
460119 262
880891 406
5669851 112
4183190 286
2299893 435
6445427 518
6220751 645
9566513 576
523694 560
9673886 579
7646868 356
6871334 523
7862234 551
9698478 242
9238604 434
3369564 998
9667537 351
204216 239
2606511 262
4533661 235
5629751 381
121040 214
9434122 212
8936284 534
8848275 242
8672072 200
7096304 496
2792296 693
5719088 561
7028378 123
8414532 598
3570800 849
1224719 231
3200944 762
6433743 541
7413872 319
8757797 323
2069949 383
5011449 212
2151050 236
7367484 535
502115 61
2160829 233
5936143 588
9919108 516
9582109 64
178310 461
93299 424
8644408 231
3148861 839
4599857 474
7513646 221
351115 257
9673673 270
8175568 180
1512432 549
326406 139
7346665 148
1162937 162
592805 76
160228 247
8538852 279
9584045 344
3180937 827
9429384 439
9337981 245
4975003 353
9793623 286
1901400 465
4267179 527
4008980 169
842195 99
9841304 594
9352798 236
1202746 469
4952707 273
1490600 192
8391028 165
1669237 453
6718556 55
3013832 814
6988612 459
8020926 75
3883459 975
4610976 68
4444314 536
8071127 505
2878944 505
6669012 64
6561071 382
2354845 480
678239 532
5275663 586
2912658 161
6283262 283
941763 393
846796 571
4037704 532
9507884 380
1619672 333
3765162 889
9616317 402
9877449 366
2149061 314
4405246 555
195655 504
8481826 297
1213987 240
3010487 689
6676515 295
8958456 424
8178954 250
9723382 372
983061 810
6396626 300
7706091 401
9293032 214
4952014 517
1387917 185
5644470 159
9715726 481
7933803 528
2712782 465
157936 188
2975272 582
1748753 395
2585931 74
1460692 434
7274957 375
1592507 543
2556984 551
5550310 547
5300587 485
2544588 194
3019020 964
604901 451
5567591 585
6678213 187
208024 60
2140762 325
5082464 589
8472294 53
1754721 97
2079194 392
6258329 369
8938481 337
4352555 574
8050796 562
9704161 164
1864701 132
6290426 351
7880385 185
4734872 323
300116 205
3967476 967
7419962 985
4618688 657
9636900 404
7459761 474
3720569 688
4416831 504
8379640 104
9417956 170
5144403 338
1009400 446
2366044 272
4030795 297
4233032 582
1961517 113
2338336 101
3875274 517
4293079 416
2718406 116
4573895 809
3358670 662
3804843 458
9559928 551
3847576 975
8772230 444
8522296 327
5100859 105
5654090 569
8076196 237
3094167 906
1040362 144
2845166 254
966804 62
9404940 153
6276369 461
8822165 552
4418543 396
8670170 422
8476836 121
7257886 561
4891456 243
7382037 393
6946416 83
1626097 281
4239191 199
1894048 451
9726170 266
1394826 484
9395189 208
4713826 775
4259821 541
3417266 991
3455011 920
8251545 100
4264469 60
9617645 579
4887875 234
502675 259
4751647 110
3312076 981
5892918 543
3647170 911
5013317 267
3889480 828
8675372 444
4477795 248
6073213 376
404043 332
9956676 338
8392498 328
2621426 287
8957975 538
4272298 279
6043089 364
4017874 313
5549892 577
4190140 534
2173299 219
9261483 384
2781125 333
2758228 171
8794475 559
2623218 543
5747633 303
3109272 843
896099 974
6131066 445
1130696 309
2304773 426
8263702 137
1954835 565
8689613 600
9486596 148
8823370 86
1673978 395
6918021 347
9500568 632
39595 336
8409358 501
1771273 492
6845077 409
6244646 713
1395328 591
1038418 165
242621 234
8041279 78
8468779 119
1247469 384
9016352 400
8311624 150
9306663 263
2660005 109
555302 130
1615305 166
2682001 106
8636274 447
7031587 203
5064886 157
3182777 406
4105310 203
9791162 441
2597363 266
1248644 587
8123262 555
7611308 417
1989974 197
9784329 138
4124610 208
4545320 572
9603889 174
9880541 541
5378405 269
9401352 361
8378050 337
7249775 433
3461079 488
8190142 520
8627319 122
8161590 203
4864272 371
8093163 225
5066376 139
9826124 466
9885228 335
4744987 142
7890849 340
7892276 574
5279991 289
8293838 305
650032 114
1752975 384
3662682 738
2191105 536
479246 110
4933149 270
2354981 234
1265508 163
7470348 495
6164285 263
8451010 330
574987 524
3034452 673
3664464 644
6642723 560
4843697 336
4260576 210
8851955 113
4890831 396
9007549 285
1101696 175
6048784 590
6424742 338
3722439 747
8241908 254
6217296 106
6659894 157
5894893 204
2637463 147
9069409 296
4210809 584
4485885 583
6636168 382
1191124 507
3976063 942
7858060 494
490221 251
362250 171
3467693 968
3687910 828
8694731 567
7736160 424
4035403 278
5069159 266
7862313 538
7195210 483
8048561 155
4196198 318
3852734 890
5661552 574
6624064 512
860430 304
582453 284
7138387 80
2729801 354
3236657 996
3708326 950
4605867 69
3329406 647
2430803 537
5324439 194
2663659 421
2814700 376
9519630 351
5109790 282
5048716 118
6729898 63
1149072 317
6116651 229
9599319 510
3174930 829
6862800 430
1276459 133
4432904 212
7628045 411
2059753 281
5902595 566
7450519 260
2223463 404
8683929 356
5937203 401
7043657 60
37799 144
3466692 951
632140 162
9838973 191
5712997 300
866920 362
2398164 147
4029995 296
951559 376
8364760 243
8145030 442
3506095 862
2510369 198
299289 600
4044141 155
6142830 603
461138 255
8172319 454
2936800 355
212433 229
5465961 308
3884680 618
7429507 365
6990554 148
5578746 268
7847943 236
3726355 873
6479540 183
378464 176
2075762 590
2330614 541
8658788 474
2476399 324
605516 240
6975193 55
7823434 507
1012119 331
9638946 299
1719024 268
7334178 318
7497580 207
8537532 440
321470 504
5005567 80
9434819 577
3721202 592
3523023 977
4034247 562
3160148 620
5441844 499
3403233 535
8190050 525
7756574 318
3001739 964
3707784 931
3924758 655
345371 446
1253754 189
912283 472
