37130
-79887
75008
-57674
-98892
-2917
55164
-82446
-28590
-96647
94529
-25688
55479
23734
41004
-49659
-92171
77351
-47292
83765
-79697
12720
-69681
27616
-451
31304
80461
-66370
-47804
-22727
-69285
62062
-75623
-3469
3112
-51483
-21942
53027
52727
24953
-61760
-97087
-41114
86027
84466
-21484
-9714
26933
89251
-41565
80670
-41573
-53442
7004
28155
-32237
-52002
68684
47091
23587
77515
-87720
41227
-59217
67016
-97740
90836
-45299
49081
-41625
-48205
10634
16006
36001
6978
67058
-35882
53214
-91395
-39846
-92737
-62176
80879
-14390
46324
-74379
64939
77150
10815
-69351
-43458
2045
19875
6440
7857
-75731
15971
-15216
-350
-69538
-94590
-35383
-59349
-84898
13502
-2797
53046
14694
-59207
70667
-93118
-7762
29965
93867
-59438
79602
63802
68352
26377
-96480
20962
53260
22377
-73875
22466
27613
52769
-12285
13135
-5048
76630
-34155
30911
-41766
-81438
94517
48009
-30654
2541
56645
-12281
63420
-73340
36482
-61133
-10127
30467
45488
-13956
-34124
84197
-64909
-41080
-60210
12684
-63403
35106
9620
-8745
48544
-30183
12564
76710
-23845
16522
70733
67323
89046
-91323
47547
35516
64645
74339
-52515
55649
2630
10318
11256
87658
-9236
-14698
-93680
-6974
87265
96932
-54057
-39684
-35701
51374
-79942
-50864
72611
-58009
86819
94240
86236
-63763
-68751
-58793
3394
3247
39840
-26679
-14352
-53675
-14343
89602
-43305
46638
30630
-41321
-55094
70022
-42002
98774
99319
18816
-29037
-27039
-39921
-6702
39012
-86344
85844
-96331
97272
21573
-62667
-42663
98578
23373
15993
89664
61083
29917
20308
-16039
26030
52845
69028
-56160
55202
69619
95259
64609
43914
23658
-50047
29484
59064
76239
8987
77374
20752
45057
-23465
-21559
-67611
-14451
96811
-22933
32017
18443
-75133
-13949
-44819
80971
-18495
91342
-31721
19263
85908
41231
94801
-52850
5433
-47396
59214
-86864
57527
-64424
-65095
14672
84120
-30691
29365
20741
-92422
24926
-33806
20516
35903
75245
-45901
-4706
87353
-61513
50532
-2193
71099
-65641
-99308
-5104
-96627
-56518
26742
25537
59973
94197
-51838
-48125
46190
52847
59773
15669
774
-58349
47215
-9696
90150
81973
-60220
-8366
67821
-16785
68103
63400
-61963
56993
-69306
-7503
-26447
60141
-4974
-77795
-48666
85438
73930
87832
-26401
-24633
27214
-44317
50114
-25111
80099
41991
82932
-38182
-82312
28834
91237
-26211
-31766
62967
-11839
-12479
71987
19506
-10467
94259
-16811
30251
31710
-11831
38484
58711
-56208
35562
12500
91309
10253
34726
-53116
43309
73240
-28615
-92293
73897
57214
-63900
-71864
-3763
-44074
23142
-72376
-28080
58721
29051
9956
1793
-34524
-3577
-57068
36179
74026
9141
-60302
10449
4963
63113
-70892
-82996
-5160
71443
-75969
37761
68237
-55779
83117
-95562
99992
-57922
37968
-75624
-79647
5609
-52612
-56129
-33466
-3099
-36223
-8027
85196
48339
-88796
49541
-17524
-71717
26668
60725
-20892
85635
-62594
22542
-29185
79409
51359
-9546
-64688
77424
5701
47824
62646
81066
4075
-71301
23654
-47504
62422
-28163
-26260
21687
-12735
-46467
-49523
-86989
9968
-33532
-98344
83321
-40342
-95351
16277
23955
36052
59401
-61972
93722
-8938
74358
43474
7733
80094
-93716
42311
-42936
-87837
-19556
14102
10324
18135
52301
-50927
56701
-56758
-27625
85598
-97508
97084
-68378
-45250
29739
-36019
67956
-95047
75441
-93083
51647
45424
69455
54030
44478
9927
-29824
85922
-98180
74546
36276
18804
61655
1414
-15553
-57539
19885
49064
-94147
-22047
93955
90594
-76090
92
23571
-13803
2375
-23437
-65720
-19824
65585
-98483
-90875
44677
-9427
-86939
72497
47634
-61241
-85543
-69771
-4807
7610
-16675
-17109
20775
21507
-57146
-5962
-64445
-23534
70992
-18182
44063
-56516
-55487
-22085
-98655
41500
26722
86243
19473
-9380
59555
-29502
-18581
96449
-73940
-16933
6026
-29539
-26034
-8169
-75809
-1501
7368
47646
57933
-92989
28094
59676
12243
37510
45362
6441
86323
-92447
-2054
-33964
-43694
10628
-25354
-67132
51161
-36892
-22357
23432
76020
96319
-5528
-17769
-67412
-5836
-63044
-22785
9111
-95655
-331
94259
-32321
-54610
83655
-48220
73360
-21813
-48358
-63315
-63980
70599
53006
71669
-70323
-67786
-97103
11885
40880
30362
69634
-31615
65203
37058
-13280
-30378
76359
-52426
35501
-41747
9345
-68435
-39187
8244
-99481
-17718
86675
-76756
73166
43355
-76874
44348
38275
-25378
-31071
-77426
60858
81245
-35102
67217
-29014
-84401
48754
91607
93450
-74794
-66748
72577
-4390
-10737
31083
-54883
-64404
84212
-16808
58147
-33965
32937
-47842
-7651
58704
35771
-12427
26423
20664
-23394
-46635
26461
-80954
86285
18692
1771
-9057
68386
2167
67579
-52411
80729
-64638
-62106
-27109
86667
-622
24583
30210
73244
74355
-53233
13943
-3019
90146
-8361
76740
10269
79983
58080
96221
84647
30173
-43969
-86667
48074
-5902
-65180
-61294
-52730
-45884
9119
94828
-96449
-15264
-67201
-10393
-99090
-88073
18896
-82778
87757
-89105
20733
94956
-91554
38195
-32134
20027
87056
53787
-61828
-92113
-47623
-30354
-78338
53342
-45479
14068
-36292
-58049
54736
36714
89270
-83097
98785
50854
-97032
60585
34452
67804
-68866
28886
93377
-49131
18073
-76827
29172
-87745
-65958
-58230
61252
57926
-8297
-67349
-15405
34184
23758
36879
80570
-51780
-32342
4179
36426
-96206
44940
5306
-11657
-2472
-97620
86055
48318
-64615
90075
81418
28161
-60498
99739
-62785
35733
-94272
-86373
-10516
-19340
-19195
56172
-75090
-6853
89163
42049
-90799
21521
13631
58590
79830
-8419
-20307
-13015
88733
30357
46073
29885
-2325
46686
-78791
20287
32155
-74421
64712
28390
-81842
10088
54163
91764
-71852
74236
24161
-46805
15418
-16448
-83271
10885
-83143
-98094
81521
-99
-52141
-64462
91777
-90136
-84508
-18865
12051
72155
-20013
62205
-49025
-46890
-73909
-57460
-34248
42428
-76115
-78186
-6346
19316
-45256
-45295
98592
-92435
67855
-98377
-71028
-83270
74683
-4485
-45796
19639
-90093
94528
-96038
-58873
-68434
99516
-93568
-96564
54847
51432
-38831
-30609
-29465
-98420
-33085
-81672
93344
1214
57904
67884
-66882
56439
-74871
36967
73532
94281
30437
85888
-93762
9124
-61972
33865
79581
-21776
66474
-9034
49516
-23593
17753
-22958
-13321
986
36521
50604
4010
31266
23724
48436
4252
-70777
-68623
89793
69713
-201
41268
26375
63716
-97681
539
-26437
93483
68962
38457
11986
-94239
40749
-85571
-61321
32060
-74803
42898
24517
30071
-79130
-77422
71738
88586
69903
-43064
-73710
5165
-44924
59243
68460
-96516
79902
-42542
13984
-44664
85032
88163
-70836
27095
-68143
84220
-16417
46438
-7828
35619
92134
43162
-47411
83427
14440
33899
-93628
-26540
89119
-82498
-91920
-35730
-49284
-88239
76157
-3599
-69772
-10132
-82987
-52629
15526
-68633
89886
-80211
-37814
55308
-2059
40945
73443
-57166
-3483
-33452
88497
-66658
-43089
-2176
-6520
-48558
87515
81302
-52804
73780
-55272
-5703
-29401
-81754
-84531
45833
-67491
78634
77737
-11030
33841
-80564
-18995
-13660
54885
-94177
-47064
-82704
23706
62978
-99799
34610
-95465
50299
-840
59979
-1658
37629
-15740
-40228
61379
-71092
-57617
40393
38946
-69672
52801
-60326
-31860
65549
-22829
94061
-93596
-59665
-88995
59832
56473
-17241
-76470
92276
-58918
-42265
-47978
-34020
-82321
-64501
-82724
-30864
51287
-97112
50117
-21860
34496
23425
31782
82746
9389
41092
-67094
-52282
-40321
58253
66652
-36552
46405
86062
96878
-41314
71421
-86149
5770
90054
94794
37486
99477
-77506
-99129
-89762
52592
7705
91217
-25423
-74370
37323
16342
5485
-83164
-93837
23809
51677
22316
47144
-85165
-95537
-34793
28911
30366
-79894
5138
-12199
52419
-85884
8409
-42625
-67453
-34375
-40446
-15411
63887
32981
66843
94616
15794
47297
33353
14959
-89258
62336
81632
-90254
54915
-28519
1592
-49837
-6799
-30548
93444
-57793
95262
-32634
-46969
-54097
-86612
-95247
20192
22370
16718
-7673
-70236
99908
60825
54703
65546
63946
-24031
-93192
-13655
-19139
17970
6417
6981
27486
4733
-65259
-81185
-77464
30608
81329
72514
56578
-75579
27707
-89751
-36761
-76881
35345
74203
-6432
-45921
-1737
5543
13230
26540
16269
19315
15590
-70690
-6127
13092
37562
-892
280
37118
-82818
68007
82601
32941
-39075
15970
23172
18925
-41956
-91192
-42993
76251
-77647
31640
-57743
-37930
92087
9156
8007
7767
17529
-51257
-19299
32355
32426
-12306
99101
90745
-22355
80503
-73652
-38202
47962
82439
1412
-33824
12759
-40376
10760
21067
-21601
-77016
-32566
14013
-22999
-74670
-59343
-45159
-67844
-81070
56397
87923
54814
43957
-77499
-22017
-66110
-85562
84852
-71909
13426
-75797
-2916
-47615
95470
-89058
6870
-34319
71680
-67915
8760
-7399
-67328
-25553
-56364
-72540
-64723
-91768
22170
661
87245
-27638
89167
-38793
50240
89402
33001
37083
-76594
-88512
60272
-26446
-92563
9237
98143
12451
41767
93704
-47686
26061
-26248
34231
47089
-51627
-64058
-42524
68355
-9502
93902
-14831
82995
1711
29741
79107
75742
12568
62382
90591
80457
54222
-79704
43946
-69287
41324
56197
95537
-30101
-77956
-38054
-28011
-13978
34624
92704
-28193
-54292
-40155
-2385
-64283
93349
48199
-34061
29221
-43471
-10872
31178
-90849
51874
49367
36375
-66034
4825
57203
-77774
-55671
57187
46360
31587
-24121
18323
94919
63660
-63634
83575
-5056
72123
-29979
-73593
70010
-77285
88914
46040
-72378
70826
27856
-53129
35454
-64302
65663
-8512
-63325
-58905
5050
11757
-98570
-23069
19579
-3546
10201
-12817
68806
-35351
-18084
-66830
3170
12932
-43324
-86321
-2591
-61509
-39029
-4056
-97474
-28242
95222
-28645
-34248
69843
15485
-78485
-23479
-54822
48116
-94313
-36464
28646
40545
-72866
84756
-45812
-74965
80820
-66048
-60724
39547
15668
-10295
76277
-75092
47156
-86702
-5800
-79099
-76051
-25271
-30239
-98643
49716
75871
87107
78422
48208
89656
19484
35164
96043
-93147
94951
39724
19708
45317
5710
70741
85358
-61649
-23039
-50474
-97566
-2325
-67356
-16568
41851
-28973
15952
-4352
-40006
-46459
39077
-84541
93433
10269
-54914
95520
28569
-51605
-23237
-17527
45482
41430
-22816
-18094
-31070
-14695
98675
-41138
79593
-63904
-33920
90614
-98206
-87898
84580
21614
-52088
-75303
-60949
-36023
65906
-64671
98499
-25921
29572
-81003
-44762
83824
43438
24937
47415
82779
-8055
-31296
-60811
67681
-64136
-14722
-89578
-72898
67186
-51209
48034
-81011
-4714
-86898
42073
-81734
-92792
-60170
92991
-6215
40168
-2646
58249
-66950
65181
-3755
-14093
-61847
87307
67976
-70622
-83619
-11799
-40744
62095
70881
59992
-93360
-6798
10705
12586
58979
-30156
18506
-48314
22081
-13353
-54797
-60959
-18789
83832
-55087
26307
-63419
-92623
50891
73944
72588
44578
58354
24883
99758
76569
8813
-16598
-29394
-43151
-64210
-99639
52593
-26321
76071
52657
7339
48785
-24392
-3311
20931
-56974
86655
-35921
-63389
-43758
-44885
-96368
-60593
44083
58876
39909
-70342
-38363
-7914
-10383
-2520
71070
19293
9156
5353
69226
11625
-6058
49029
-74541
-37700
61029
41233
-80042
13842
10288
86954
42382
-86517
64411
-81138
60842
-48605
-47924
-38627
95563
-19453
78521
-66004
-45989
-61919
8778
-85576
48552
-9837
13022
-65320
-34079
-37954
-30404
-93675
46871
18308
-48716
54081
-44339
-26315
71198
54858
-75102
-23199
-63500
-59994
-960
33276
26207
59777
-31002
-1948
-26882
64654
-26612
23385
86512
93687
60442
-90823
45925
36313
76233
-48751
28296
91815
3544
-55528
-53455
26478
75025
-44923
-61897
65671
-95467
-2649
38591
-50743
-3533
95477
3968
-42824
-41554
69620
-38107
57194
-6331
1388
-66391
13818
67218
93858
-71118
-55719
-99470
-12540
58394
-97725
46947
97117
-50414
-22714
-10735
64960
-35009
-28070
63385
15324
-7282
92160
-5400
39432
-65483
58277
34328
-37057
27252
55435
66434
95432
-33337
2418
-50016
-1327
87468
67845
9395
-8160
94309
-76569
-99312
79545
31920
71010
375
2720
64442
49616
98095
67147
86046
54448
84072
-50278
-81487
-60350
-86867
85337
-3197
-64862
-76683
40649
-93084
98176
2461
3972
-75643
30366
12347
-80200
55546
-11122
83373
-48158
47719
-94904
-22394
12775
51951
-28731
23486
35070
-17602
-1090
89174
-4690
66502
69208
-60099
-4039
-97928
-75521
217
88766
-3046
-80224
91824
22231
2893
77724
58223
30283
-55556
-6166
62075
-37667
-41829
43394
88409
-99855
-94107
1702
77476
72801
81313
-20773
28632
61793
84221
42245
-49878
-29995
-97549
-88949
-5442
-52127
50506
92893
-70217
-98513
-58473
48474
688
94286
21604
81279
17293
-35500
26208
37208
-61206
-47693
86436
-1678
-77012
-97645
60545
29625
82611
31184
64132
18779
-80040
-80143
46519
-10481
69643
49344
-35777
44120
95432
-97077
-7682
4451
37400
34652
62108
-31959
3079
75338
79355
-47136
29432
62284
-49775
-51256
45928
-15176
-39895
-57965
64288
-53655
-18344
28657
12817
-78571
-58896
-20620
-87190
-16518
37118
1353
16190
-77727
62691
41971
-8968
93346
-18681
-95408
-22929
-58969
-92023
-46862
22383
-20166
-81025
-8822
65965
-62255
17392
65775
44590
60458
-70279
-76287
81361
3912
5846
-34467
74907
82663
-59174
91558
-13069
19714
-75158
-85391
15258
-21672
44660
9491
78807
-65724
-94321
3647
-49125
16400
48499
96195
-36567
-55732
29477
74033
87923
-93942
-85836
-21170
-65943
-61016
90946
-79911
-30152
76158
40480
27384
21339
26256
27251
13339
50090
-97148
31880
-40794
84899
-52124
-79306
-81102
-6139
37746
-9909
-59375
-37194
-79096
-92246
-25765
-99488
-917
-69504
40886
-10696
99223
-2377
5708
-36523
-25619
51281
87220
99543
-51057
-18085
-23832
68012
-61835
60511
96883
-4543
11275
57214
-29565
79936
-50199
73116
-66071
-75885
-70709
-19379
72729
-32248
-19234
-49263
-51442
-26329
-47955
-16524
-51911
77593
-14761
1070
-37626
31962
57925
-50804
-14809
-96879
15259
-99633
50463
97977
-71651
-70930
4660
-25451
49876
-5749
-59777
225
-52501
89376
83348
-59973
-65
-34501
-48871
-42712
56760
-22042
-65558
-11330
-57669
-42284
44416
-20786
77260
-53585
-27024
29111
-66907
-90723
13588
-68510
5125
95712
-65943
72358
96542
21927
-21002
4772
43359
20628
42382
56585
-2761
-49679
-57448
-40392
88825
-38271
32983
74474
-23005
-38324
13489
33531
-28886
-64791
56451
51577
-4625
69796
98487
90898
54789
-40158
89255
-34955
-24777
47317
30704
-55368
90410
53235
-32953
19618
-97915
-16780
53605
58959
9317
69038
-39249
-66106
-84040
-77544
33446
33965
11207
-9716
-70963
-99134
-28032
6299
-61197
31093
34359
-4924
75542
10897
-48863
-86313
-48380
91202
89523
-2642
81672
89452
-91052
-52433
-49136
4910
63690
26075
98321
-19039
-68177
-23365
71679
49756
26562
12647
-96668
-16766
-73542
-37612
19303
19670
-15948
62691
32763
47221
18911
74199
56833
19198
25338
-66155
85816
8631
17471
49653
42710
91293
42116
20883
-50036
88503
-10811
-44607
-48905
81675
33942
104
-99052
98126
84758
-33641
11451
31583
-999
-97526
-58907
2988
-65612
-54644
-50931
13275
33092
81480
93722
-28023
297
-87370
23651
67707
-54177
-24392
-38453
-57934
-98442
3442
-13320
-85182
13941
-29191
84421
92307
3388
-86298
-97478
-47677
14521
39057
-9356
-19048
69762
-12634
-12928
-11616
83214
-20274
-91760
37113
-77556
-14041
-75979
-1808
35724
74047
84464
-70914
45381
-71121
1090
42930
20534
-75528
98433
67983
-59047
58981
25375
65135
-1947
-63499
26638
-91767
71884
-33578
31612
2697
-25253
97485
79901
-90285
33319
-13344
8041
10213
-23849
-3638
80553
-25049
-33135
-84068
-91138
89108
42228
-39369
-40847
82074
-20517
-7406
45662
-71669
-69273
17279
-29699
-91152
-14457
-47855
20930
80587
-27259
-46983
7
95397
-98083
-24042
88305
9980
96895
-19963
-53696
-99605
-75124
-12659
-40796
15357
35647
-61165
-21508
76879
-66413
77613
54137
98446
51156
27223
-88908
-40834
-58916
-85313
-70113
33571
-44871
58773
75105
25116
81664
59130
47527
-60057
13784
48856
77244
-85207
50978
-33427
83622
-54879
-34563
-84990
-24662
19498
18772
99456
-21164
97593
-1507
-75973
45045
-4724
33390
51665
-30497
-75663
40016
-25851
97283
57375
89637
-91797
-12697
-98236
-29067
-49830
-22194
96847
33743
-19864
33447
64299
-19052
39099
-65638
-37682
99294
-91323
93615
-78486
-57909
34015
99758
-39241
-30337
-40836
20454
25777
17139
-51324
15131
84236
99164
15288
-11920
-46474
70070
82933
-63709
-42188
-60671
70565
-14496
74437
-86588
61476
83280
41850
24098
49399
-2951
22561
-65562
96132
-58038
83389
64587
38759
97777
37502
84720
-40150
-41748
-82645
-80964
-30945
87090
45444
-38634
83977
-50717
22347
-29222
24382
86350
60306
45239
-28762
49099
35097
-39942
-41472
42994
91634
-37853
80954
66185
-39648
60178
-67354
-93986
-43724
-44588
34720
-16882
-88049
-39624
-5264
-83762
54082
-61586
-31204
-54588
19382
54720
8148
-63724
-48213
-61143
-43935
86197
9271
-18003
46565
50814
30266
-31716
23697
-20529
-69884
87975
-92659
-60424
-66854
13188
-97610
-14415
37502
-70211
96488
-95824
-81812
66519
-23428
-79529
-47412
-47387
36264
-70403
-82029
-87048
-37107
-38960
-93163
50859
46995
76516
35395
-40976
72906
-59585
-36051
-36438
82878
8171
68106
-27863
-23464
94312
-73992
31125
30335
-85157
10446
63330
81028
-38339
40290
-67228
26845
-64879
31375
7038
44239
28293
39136
-52075
28093
19721
-7410
-57234
81922
-82913
-68984
57142
-34736
62835
-24761
-58674
-40587
-72680
13749
84454
87987
-61210
-41757
-68331
-51643
79449
62265
8885
90280
89775
15513
-32204
-42042
87403
-55415
-50150
21963
84484
-68363
91452
-23513
-29178
24220
-67002
99074
-2989
-70927
-96543
-10073
-12594
-78778
52161
-76241
52291
-46379
-63258
-35266
10458
35988
98975
-12736
40268
73518
16328
26586
985
45435
89832
-88796
-17862
28452
-84750
-47215
80742
54979
5770
34263
-72348
8983
90167
-6374
95615
54110
17506
-28303
-43744
-40389
-16897
4619
-37102
-14800
-4964
-54979
-83978
-4800
39462
-19953
78743
-80799
-34163
45459
22783
-59405
4647
6566
-17600
-30645
28816
-87324
76513
-53313
99188
38795
18591
86951
5880
-72904
41790
-51236
75593
87201
78337
99328
-62613
70972
-16854
-47210
-82984
25249
-77240
-16324
-90954
27696
33759
-14095
-95917
65528
34902
33807
7497
-13168
97051
-14409
20965
30863
-34424
44521
-69270
-23808
86405
-16925
-66403
53538
-69799
2795
-31588
-35280
-19951
20098
76194
-32448
70668
68784
25358
45506
84792
-2498
92658
63428
53358
-45443
-66103
60161
-6751
865
78124
-76656
31176
91641
36246
-4420
-1398
-46997
-51963
95836
80183
-22789
1601
64227
19734
52083
-1751
4011
20589
54747
-73533
-35079
24639
24191
-79397
-84468
52070
-74128
7941
95895
-44684
-71964
7841
-2953
67297
59098
-28327
55645
94879
99970
-433
23517
85246
42592
26567
-95339
63166
62126
-89983
24425
26436
88264
3083
55596
1301
-6428
96596
-63708
-42481
-43997
-94309
43227
-24888
8155
36828
-383
85025
-80753
10972
-41927
-36898
-84530
-39216
-84618
23739
-51912
80308
2607
-23068
8618
-59417
12243
50258
-2603
-59364
4861
79651
78527
67402
-77425
-2145
56588
69054
85667
-44467
57970
-89529
43320
-78123
54714
34977
39021
5826
-97501
79
53648
-32584
80287
-99515
21284
-40237
2824
85484
-42527
-24611
-40941
-44422
7682
-85382
-43999
-12419
-80116
24183
97515
-96696
55070
61898
-68785
85261
39901
56979
93531
-29518
-32960
60859
9994
77473
-30359
-66969
16958
-70267
-82289
97728
89909
89900
16090
80142
81247
25726
-47786
-41338
-10263
36100
-45988
-34596
-7945
-9634
-32623
56951
64387
10059
43675
39998
-73974
12961
73069
18507
68627
41671
95150
6958
1530
-93143
80811
62484
50657
6406
-9587
61413
86365
48038
61980
-30348
-53858
55481
-82666
-59285
-34212
87799
-28105
-41370
90141
-59066
30996
-50926
-3140
45491
42716
81519
-68038
-98123
-25816
-51298
-59174
-3330
-4253
6274
14865
19814
77523
-18758
99731
-72567
-80291
3067
13305
-81066
24758
-38246
-13337
3530
6250
-25390
-65501
-49409
31934
-78827
51946
535
18928
-7533
50131
40002
-90141
-31470
38504
78696
-22433
71225
86102
57793
57866
73495
4098
90899
80596
-14657
-17514
-71993
17221
55775
25488
9152
76632
1773
-36177
34138
-54516
-93048
44722
-33826
-46001
11388
-12548
-37502
-36039
48562
87859
54038
60839
3985
-92138
72106
85315
69466
38994
-27446
-86098
59092
-2106
-64
-37937
-28265
10541
-95709
-2263
-30356
6804
-63854
38642
-17545
-45078
-97115
81252
-13258
47276
46606
-48069
88050
-87915
90731
65582
-7519
56544
48998
21449
99760
47192
52278
198
-62641
96391
41667
-95663
77366
-77040
-73220
-37014
25540
40302
91514
-52813
-6137
15761
85538
-31816
-72697
29097
-57305
-84451
-42299
14892
89486
43933
-92174
54410
-89784
-94828
40933
17337
-37932
1942
62175
-86035
74998
1201
-72774
-90939
45371
-84609
-92242
-68978
-99883
-93577
-57909
-40786
89312
-90364
-85517
-31602
63239
-56469
-8709
-98086
65542
-491
63227
-52798
7168
77116
70870
-85086
-22774
28114
-71375
38087
-73519
-60996
15871
-61123
94263
81015
-46334
-36549
-69974
-82310
-52326
-31900
83729
-43849
-44898
-50046
-5635
-53778
18261
-11318
38434
-50053
68240
-59137
29212
-48400
35445
-14845
41357
29537
29637
20465
36067
-96527
64704
19487
64892
14909
-29913
4117
75188
-94625
32725
26966
-33403
-85296
-79341
-95640
67542
-97138
-95016
5049
-63487
14259
-51367
72957
-13122
21022
-11292
76778
-11746
-36732
28782
-2086
31415
-79767
20395
-89351
-91065
-51888
-98341
62001
-71913
38999
6223
41005
39169
31335
-15985
-56680
-51276
14077
-51166
-32055
-54387
-64946
-34984
15189
-88610
39488
32349
-70102
91900
78232
27412
-23286
-80118
-5808
42716
83547
73762
62910
11512
-87150
68092
10325
33009
80434
28932
72241
12839
61750
73232
-2879
-95120
-13849
-89636
-56739
-77598
-54703
28589
-96970
-58805
-32300
-56336
-23716
-39100
-1109
70647
-45194
-17847
-3616
-39250
-62933
-40052
19113
6076
73344
42529
-88998
-29744
-99229
-39308
43061
3185
-22866
-3278
-33305
-92361
15815
54189
79310
-75714
33928
6718
50148
29931
96063
73163
65194
61348
-134
-77454
-28048
-68243
-80591
62005
-69469
-75963
80042
19262
59444
-32681
57770
-41397
-19696
72777
38020
-56627
31415
-64863
-85506
6630
-10420
83640
82981
-15188
-40355
94093
-49773
71438
8876
50556
-77595
39394
-20894
65592
34960
17929
96992
-86552
-44073
-39493
13302
72814
92590
47306
-25697
30437
20162
-3799
7146
22861
-53183
25328
87546
-7329
17890
93470
-91599
-55957
19884
-78670
15173
75353
-95070
-54292
-6045
82450
-3058
85270
86393
97466
-32128
-6294
-2326
50364
43238
-84527
-63823
-6975
83306
70912
-69203
62493
64256
-84714
-8607
-1132
95362
-56453
46991
24270
90206
8425
90671
32615
9782
20967
82163
84695
-75332
61378
22132
-47341
13234
-32567
-34411
45932
8495
-83431
-57291
-86514
36164
54876
-8370
-90184
65580
-69181
3500
-68383
11229
55044
-63505
88181
-59210
72300
-74231
14560
65976
35525
-13373
-78671
78275
-63129
-59701
29758
-99751
-44696
56844
47540
79942
7456
90231
18076
-66996
30974
24888
-26137
-16596
10966
2053
-67934
99567
42851
-84485
-26522
37484
-71548
9669
6136
-4250
87608
-42101
-92637
55141
-53520
38600
55744
-5633
12494
17668
-24514
-85259
-10008
36507
-89039
43242
64872
55597
17280
4903
-44044
57864
-38332
-88163
95
91106
-2981
-82801
33530
12741
19426
88221
6296
57631
-31298
-65088
54306
-69400
-74229
1991
-90476
-73195
-1159
51825
-77946
-67627
30802
67507
93152
-57183
94343
40196
-38336
99369
95701
67664
-61874
-99984
-88113
-47912
-39951
30538
7976
-20637
65339
76985
-80895
47792
68151
-4952
7763
-81986
43556
16465
92059
72672
21051
71388
30525
-94404
-55572
-26021
-40062
-53659
-8567
-16007
55705
4172
41318
36857
66023
-91599
-36647
53183
-87766
-7174
11283
55221
-63627
-6656
-93902
-97004
-46894
-53504
-82658
-52635
-53376
1790
62071
10053
10918
-39595
44598
11056
67900
-22933
-87692
29805
93993
95788
-96114
-17079
-90284
73003
62431
36732
61213
-79317
16591
88555
6227
-35923
64746
44944
39396
48806
40600
26035
81416
69914
-48816
-56191
-43046
-10192
-2351
-75298
-74692
-90906
-48285
53200
89878
54174
43000
-12778
28220
-33898
60107
-42504
-66990
-55705
-92009
-76793
-73535
-17131
22184
84190
40335
95240
88254
96180
78145
-29077
-23380
94057
-90210
54188
-46843
12046
-80037
4087
63329
75568
10700
12989
9285
-61950
22838
-30835
94154
-46440
48046
-46901
-99414
-44523
98365
29203
-52029
18784
60102
-39617
18557
63742
-54079
-18938
69532
10595
28980
45152
69432
22462
55512
-36926
53438
91936
96336
89196
22729
66747
25257
46530
-71218
-7343
-18572
-58501
-71077
-11014
-5374
71987
-6202
-40899
42468
-58825
-53297
55337
-23371
86428
77143
30335
41181
87677
-80800
11338
28911
30126
-13098
-92035
-65820
1955
2992
32513
-62608
-4310
-99074
58379
-52177
4828
-54111
-79296
71649
32813
-6513
69981
74597
-30526
-70202
27803
11037
-53068
38138
-91667
-15391
-71582
38712
82782
-45099
-76450
93283
-32381
-14108
76034
97452
-79656
33151
15516
76573
45545
-63394
-48622
-90748
-78858
27432
23383
73222
47116
-39023
13755
92639
23472
67094
-25046
-94008
-64253
95528
-90545
-61077
79273
34217
1161
65598
96181
93708
16808
-14763
-11598
-95424
86343
29064
47156
-31237
-10869
-83029
-40550
47896
-78603
-99466
75235
-58065
48213
28298
-64015
-76435
17776
91859
2878
-6190
-7105
-48441
-47560
-85897
66515
-81467
-18834
-89036
-84631
-45993
65743
80979
-89447
-38566
58306
-87482
33523
21699
-45547
-2204
-89699
70554
73102
68841
-90777
41170
-59781
72177
-2891
21317
-3944
10115
-14293
43415
-57190
-62645
63597
52890
-5666
-51956
-12749
53175
2500
62681
65506
92430
93272
-34292
-29618
-76086
-37433
-52178
72852
-56029
-55024
-16210
45922
-19731
94601
-18861
44395
68514
95000
3084
1033
-16557
-30708
-47583
1277
78234
-99354
-4465
-60331
-86862
4605
96842
-39081
5555
87800
90257
-52596
24680
-41089
-10127
44253
-62188
13221
26839
27644
-55004
-22116
6043
14113
-97355
95081
58743
-86905
56141
94543
70501
47916
-33151
21468
-50589
-63308
-29108
-4605
-85028
27939
-25772
-36954
42270
-4912
29232
25886
-6959
-83474
-44008
27673
19506
-5034
59111
-62259
-23331
-66526
6494
5517
77355
31903
38267
-73448
-3817
-81242
64319
28300
56830
-96796
-27093
-11472
65446
-71127
-14080
661
32071
-59659
-78389
63566
67279
60865
-27005
2578
-75187
-36324
30843
5919
-63358
72472
-56099
-38751
12485
-69587
35905
35319
44273
9228
-68803
-76948
-36001
-82563
-60754
-39717
41534
-64539
20985
-97562
-30099
-12836
7099
-55894
-77533
37344
46732
-65324
-19624
-50161
-49923
-87768
27826
-22775
99598
11462
78947
-81970
7072
20864
62815
32777
76223
-86755
46114
-5938
-87407
-63456
-66710
90183
36067
28587
-56599
83364
-22432
6750
-47271
51616
-96804
-9784
31894
-15534
42921
-90108
-70065
-96826
83045
98810
-3091
74211
32195
19341
39367
92848
-70559
12181
76640
34443
-36508
13400
-12402
-50278
-46135
-19760
55848
-12315
-38706
-28056
19703
36616
-47769
-54503
-64853
-6120
-32643
62667
5196
-53459
88999
3104
-20590
85463
29126
86273
-53282
7237
27363
68633
-63743
73963
-81598
37255
-23652
77783
-57344
91254
8650
-88570
97710
63818
10175
91797
-98684
23268
55183
-16787
-24154
-73480
88140
3444
-87783
7195
-85056
-33822
96967
-49868
-26827
-13007
-42974
-92250
-73427
-54784
74270
5037
-64445
66760
48050
9573
-66197
-44427
5805
-56746
-76775
58076
-20881
-28271
-64684
4518
45510
-90549
-55992
95889
-34676
34374
-60971
-15316
37863
-50241
86433
-29709
89908
43496
-80738
-9984
-62612
-60822
83189
56625
-68916
-16427
77662
-90065
3666
82024
-42166
85698
-83366
-82257
29757
81607
-32026
-66006
47209
-74478
-82668
-92061
-6204
-59815
72726
5651
-3525
-40702
538
-59993
-88855
-64441
-47111
-56
-25563
-58051
82057
85453
-99639
-18363
-86129
167
-80006
46444
98491
96162
91285
10506
-31760
45245
63725
-49398
-94351
28718
-43387
61007
34508
-8133
-61298
59934
-7135
-94664
72235
49931
-60402
-79000
54854
-17393
-94878
-96280
75682
30777
23423
79634
-51587
18717
6089
59107
25914
-43955
-50024
-96594
-35395
-48826
-71809
87547
99729
37023
-7401
70918
65130
65005
57003
69853
-38184
86620
-28837
36863
58828
-67827
-9973
30634
-75501
2670
51143
99406
63324
62838
-35876
-62202
35492
11674
-86518
34756
11885
11429
-88403
-8939
-86045
-32468
-1865
-62877
8744
28179
83758
-75307
78285
43376
-83886
-38999
-64940
16280
-54087
66095
16062
-59849
-51741
1721
-81731
8981
58598
-59257
-15639
-29175
30929
32031
-8164
-5272
71232
48894
-71985
-34165
10454
-28745
-34321
-17815
-50076
-31483
-5098
93853
40204
83919
96445
50556
60071
98107
-30471
84095
63462
76494
-88033
33157
48514
-17731
64509
47526
-15872
17713
86047
47858
63196
-84366
-95328
-19965
-69725
40625
67753
-12197
21947
42385
2158
9386
82332
-79608
68852
-45123
-4268
87551
-95762
66206
4419
-61867
89490
-34786
78842
-4061
59474
-13918
-36073
-63414
-26278
74209
-22662
-76381
-48896
29856
2647
-9293
77275
-84354
53026
-45770
75852
49823
-34092
413
-47382
13472
-50783
27558
61047
-5502
28765
65029
38123
49886
-7768
48050
56417
-4212
-41248
8101
15089
1129
-1027
-88040
-43881
-47533
76410
-22284
-19673
88634
87290
41722
-93747
-89268
-64309
-77559
-43704
26861
-8679
40691
21616
76868
86245
-27558
-41840
-88044
-52875
-91824
-81275
-50816
13671
-429
-82212
-28745
-63387
-47065
61138
35368
20133
27081
-45269
95876
21283
74819
89128
-18316
-53047
-7931
32638
-31592
49328
-6150
-78373
-25789
50538
-58505
-48723
12400
-44311
-36948
-10384
-52654
-92496
18150
3353
-99071
-63668
-67926
32889
4549
-60726
32376
-28903
15421
80430
51859
82137
18326
-86309
-18520
62613
-45708
84249
-2007
53375
1461
15658
19384
-3112
39582
61258
-20738
50425
18637
40244
32373
77660
53850
-20969
52098
1162
-97288
-40487
-54321
-92470
-25971
-46794
4517
-8232
-83663
61756
-28324
73011
7357
-20517
94607
12162
49465
-23456
9422
78314
-61539
21066
6226
54290
-64294
-22811
21785
-41260
-34559
-94217
89325
80345
99102
-34260
97944
-49848
-63804
-44781
-69154
93819
90023
-37533
-80705
26039
-16507
-63256
8308
14326
15456
-28774
12260
-20954
28722
-78191
72522
30750
-43769
-53917
22233
39261
-72836
-90348
-86241
-31347
-67616
12775
95803
12365
25390
-99277
-48658
-67484
-40454
-26130
11653
75787
91690
-40984
-51388
-61766
41731
58808
-74086
85224
-41159
26492
69780
80806
-69341
-16806
-95156
-76083
-60264
86185
-55703
-39419
-73816
-3138
92902
93260
-67921
77831
22386
-90870
-55060
-18819
25605
38784
2007
-84698
-27935
-54042
-16502
-18907
27775
-53171
-4203
-87093
15317
34906
-90714
-49525
4383
96496
-14806
-96857
-75895
73926
-46028
-45620
91997
-68104
-18975
56074
-97962
-21292
-17579
36973
21429
-64580
-39005
-11543
-70237
23877
-28350
-83369
25134
-36196
10837
88695
91920
-54805
49247
-64705
-35166
-65218
70492
5472
-43680
80089
-9457
53149
58177
-94506
99346
71521
-19517
-62535
-51060
-64871
-49589
34693
-11522
-39489
-91451
60944
-85829
57213
-12948
-59201
-52271
-73596
79159
91114
80367
-42098
67219
-66115
-38788
86938
-37358
-18821
85683
-38144
62000
-83278
-83089
-41704
20432
-10086
-30130
-27743
41275
22166
32538
-11210
79976
-85705
-18560
-85861
-31219
-81419
-66339
7180
25227
-14253
30974
-41985
46698
36309
75005
-66666
92809
-67592
84941
68243
-56252
-41894
56896
-44740
35631
51247
-16153
-91146
-20725
45997
42768
-51157
32295
-41900
-90546
-99287
90943
860
-87065
-96676
-5291
-48571
98928
-97146
-64417
39423
90476
-27253
92114
-83401
-86458
-67489
-16324
-57813
54834
-57588
67603
-53944
48319
-80213
-22591
27289
-42223
-44838
88416
6852
72250
-20919
-91843
-60691
-99279
-58188
99787
-59850
-48270
82012
30596
51489
84690
-53707
-33590
-80486
-14717
-68549
6410
42550
-77528
2582
-18773
-61373
-73038
29343
-86466
-35372
23411
-93326
87525
-34318
18901
-6586
43960
-93488
84498
86096
-14011
-96903
82943
76336
58559
-93132
18695
-72209
36982
43782
-53138
5518
93992
-61853
-67038
36663
-99931
-59160
-44629
-17942
47004
-73470
76011
-46450
58941
94864
-41466
69005
-67812
97907
-53462
26869
-21439
-83603
-80237
-91062
-97036
-4487
52944
14902
57244
14534
24820
-29904
33326
80561
60415
67993
15880
-21384
62319
15102
63292
-58311
16012
-32264
54443
17802
-29643
-14777
38967
-48481
-49907
-97192
-79704
8929
-83881
-9701
-43450
81047
-54688
-77465
-13013
-90496
-73590
-17261
76252
78507
97043
-19184
-29564
41860
82695
-90273
-67982
21651
-11074
57900
57128
12714
-78033
43781
-99341
-16725
56111
-11948
14887
-11840
28098
9947
45865
77762
42992
82025
-5802
-99578
75308
-35889
9458
12143
3994
-46035
21939
-22920
-72186
33214
-7359
12457
-45883
-56431
-64413
-87554
-65725
2483
33549
-16590
-91063
-34573
-23487
-16717
-98987
80896
-22367
87402
67229
-64457
34049
77496
90516
53665
31717
47514
-41042
-31166
-12750
53493
83875
-88418
92034
-60275
65885
60015
69905
-84631
-74060
52971
-63054
-24989
-44143
32975
-72044
12064
29395
22256
-62078
-76728
-49255
-19705
-96291
-77295
6234
-31231
26958
79569
86484
-28758
-70531
77665
71171
-10950
53277
76541
-44835
96002
-30952
-60332
-94886
-56037
7411
-3664
48854
79185
-45000
-1735
75839
66433
9206
34595
29077
-50591
50700
55515
-75646
-31626
-95802
21158
-28964
95882
-35264
95325
-47532
-8305
-45326
-29402
50544
-4260
-19274
54393
-98502
8592
92574
-1898
27096
-71131
29345
-77714
-87265
-13891
-47561
24009
95642
72515
-37555
6802
-70528
60565
-8982
-68150
-30721
52186
15790
-86325
-64768
-67100
-41955
93042
-77222
89195
-86233
29603
-18249
42713
44476
-29840
-8362
-53863
37829
79172
-18188
84851
92997
23935
26016
33127
86276
-56748
64445
70719
-47024
-1715
23356
-8918
-84491
-34196
35733
-12521
93718
-85335
79673
-52112
18654
47775
-47140
-5432
54266
85895
-39448
-32869
-46287
77795
79552
-21230
-10871
-93487
18261
-65892
96996
25181
-47894
52896
99787
74876
-2879
-62904
-34086
-30666
21423
56278
38163
79544
-84521
-70234
-97669
-23095
42242
-80486
42122
28058
19303
5914
71058
-77555
63118
33775
81166
-50004
-98807
69936
-31317
-35464
-26257
-16964
-99266
80475
-9912
-22830
85638
19188
-78783
80582
-88926
48151
28997
4624
53974
-99966
36418
-86453
57572
-69619
140
58444
-79514
9523
-80738
-17139
90145
87112
41326
13904
-43540
-68880
17344
17041
-58690
67765
34179
-26821
24998
-48050
-69374
71050
33530
-9048
-61105
44387
-86683
-21710
63561
97589
50886
87313
-31767
68658
47893
-86770
52758
68239
17750
56938
73260
-96168
-91547
-43997
-58776
86165
-2260
69523
-73174
61269
72082
-88934
56226
-29165
32525
93975
-20195
-71934
54787
-66034
57118
-76783
-68250
61771
-69618
-84920
27093
-73489
64697
43600
-97243
-71615
79777
-30203
-88246
-14391
64121
-68138
-2401
59662
-94103
-94047
32253
53330
-2701
34941
-81965
-31609
90756
-37109
-96048
16134
-2511
-21018
9272
-45955
17442
-23451
1975
13874
-49579
-98283
-48866
-50603
-27236
-39918
10311
-24437
52610
-79479
7328
74652
-85934
-96229
-65925
-26343
69391
-43200
-20709
38673
-50413
-81642
22558
7366
99035
71838
-12846
-8470
40097
79190
69803
-11232
-18273
45536
99973
-63679
83871
-78475
-61454
5619
-2085
-88709
-53296
-90503
-94949
72113
16366
99640
80971
51973
-49574
-37862
-9862
19616
73151
-17753
57063
78800
77968
-51212
-50680
-94850
76504
59564
-97476
-31118
-23084
-54084
75206
-68852
-20414
48851
-35821
-10197
51329
81809
32404
-11815
-84955
42315
14483
-76033
-10922
55608
-30063
-18674
-54793
-3156
-71393
32507
49302
-49259
45060
-53254
-10632
-62608
86515
-87112
-35987
-33350
-61192
14803
96528
-5187
15591
64532
-41881
-26709
-67323
-78284
77272
-86094
-73534
-79308
65236
-74051
-13901
-9421
-9748
-68647
-14255
88907
23744
75875
29058
-30994
-80216
-18029
-52374
-39175
-68621
-25235
72160
9391
-1784
46378
29857
-44555
65906
-46890
52985
-49034
31651
-56232
-62790
33976
10794
-83805
-88677
33380
79054
-57939
-15076
-10599
-61898
52400
-54287
9125
25469
90913
-65191
79925
48923
64170
-64508
-37111
-3032
75731
29081
92889
82887
66431
-27110
96022
63876
77187
60285
15389
-70301
-23151
56525
-53981
-24866
-8025
-71127
-90452
45279
41626
-20236
14806
-10206
-17115
78319
-43207
76606
-12526
-32341
58951
30397
94113
-64964
42497
-51456
22398
-3287
-90358
-51695
-44814
26078
25837
63679
-24717
1032
31990
-92743
41740
-78907
-16516
-26248
-6460
1959
-56849
-29631
86515
-31854
-32607
-86841
12001
53631
90825
30425
-44310
836
-89254
-20266
62135
49172
19167
-12821
67189
-55634
38081
-65596
69555
-67565
-94288
-22842
-86785
55519
-89820
18257
-38598
94477
-22317
76051
579
-82730
-39346
46037
-10631
-18378
-86352
49563
4092
49407
-32658
11635
-19100
-68910
46202
-78652
36149
54216
60023
-9907
57496
20374
-5565
-65853
64317
-65156
-71218
17709
53068
-29130
-3721
-33383
13156
-73720
76752
-11527
-10562
-7539
-86689
-13145
75933
-67406
94146
67428
33801
9269
-75182
-66683
96426
45646
-27646
-40730
19368
-81752
37661
-85535
-36258
97439
-28753
-61465
33818
-38062
41180
44842
-39178
1901
42141
81452
-36107
-97316
40239
96964
-96500
-81459
99399
50154
73888
69831
-87726
43173
40881
-71226
10287
60474
-66180
-67270
3812
94440
42826
59895
-82647
-72786
-22736
-63820
-91886
55955
-72628
99875
70268
3756
31975
76617
79248
24881
-67285
55545
87732
47666
50520
75626
-95033
57598
12915
-29467
-70604
-46164
-64296
-11688
1266
93196
-99135
68204
-47607
-14587
57717
-33661
85828
54685
14391
-61512
-90749
-53291
-71820
67646
54496
-50549
93632
51495
-24789
76487
-33841
3425
-48728
-68268
-15669
-80084
-76057
-14103
-63764
79364
-99867
70052
-75065
-68010
24183
13439
8754
532
49888
57694
24991
-60048
-34939
-79717
75033
-60869
49052
-61028
20377
-76016
79821
73186
-47934
740
84624
-36316
-88092
3510
29042
-78657
61461
-11872
32998
37211
-67799
-50084
95540
-9341
12565
-85125
-9722
-15670
-57710
-95736
19777
10231
5849
-91616
-9675
30771
-43533
-99241
60461
99721
-30043
-30635
32637
-38583
-82205
36013
12778
-38192
-25667
-27518
-42065
-46996
-63528
-78689
-55058
-73946
-24852
-26357
58116
-94113
-45302
-78824
-44548
88081
38062
-89830
-5664
-9652
1549
-4219
53153
-69516
-49905
70961
-36623
-46260
-46699
-90832
94542
-13430
71022
-26898
2619
40055
23705
3218
21294
-98836
-8020
-97351
-51953
36430
-62694
63345
-75870
-30700
-14233
88213
30714
17927
-50021
-98585
45203
52121
-71980
44740
-12341
-19279
81488
79819
-67835
72231
-59934
61169
95505
68331
52100
-9705
73745
89011
-88688
95966
-389
-49024
-94791
-52753
68047
60548
63928
12782
-8480
-32256
32580
60102
17424
-19897
-22793
-58686
-86273
-10460
81300
-33836
-15835
-82595
16373
-53479
-62100
-55363
-64460
57895
94750
19713
-76416
-89245
74287
54369
-88127
14786
9727
-99350
38321
-94562
68602
19851
37929
-61541
22482
85815
95488
49304
-67840
15834
-55592
-80236
33868
-60012
-40742
11823
-62769
-13154
40935
46596
20010
67046
-13421
13391
45050
-66437
-74
85700
55819
10573
-33582
8991
98019
59879
69058
78342
-39742
-75069
62218
24756
-98741
36229
-10970
-3496
-75912
95639
-50169
36123
51426
-71336
-30353
73917
-69853
-16946
39099
-66592
-64478
-52426
-97690
3679
29029
-93905
69022
-62814
-34117
-71041
-19290
-64889
-81535
-99436
10079
-48999
-60998
-71494
39649
63398
-78675
-56037
65849
-33596
-4040
45553
-14695
50755
-15467
35310
28138
-89225
79925
-90805
-30495
-10963
24432
25683
-93405
51661
-81164
69017
10911
89903
61917
54830
-85524
56940
-94083
-22410
-78353
-35405
70815
-90017
-8530
-44661
99647
-4846
54851
291
55401
-15846
66553
51621
-69415
-60856
19038
16695
55881
-17627
-49257
-61764
-1350
-64631
99071
90358
-26681
-3192
-87315
-15430
56754
-45017
35500
20391
65411
9875
-24873
-92383
32261
-17505
-26739
-89975
-1500
3637
69457
32424
92874
-85
-46328
-70839
-25620
29686
-44912
51121
-72533
-73376
63128
-25247
69357
4709
60281
53295
42364
17744
75190
94261
22918
61603
-124
60798
76213
21809
-54353
-31542
-18296
24691
-31459
54347
-11309
-6991
35070
-57054
59924
45302
-71335
-59246
-84410
37985
-27775
53633
-60722
35804
85963
31142
7212
11448
95854
-53156
33499
-77168
-51739
-30608
-92186
-67825
89521
92964
-78285
-67340
-75683
-90237
-55641
-19060
-27411
-77631
46274
99425
56806
78267
84926
59027
-71162
85968
33915
-66342
-74729
52610
41593
83470
-49315
20821
81155
-6752
99239
35287
31907
-15758
-43145
54508
26201
22685
-7232
8458
-68315
94423
11997
-53455
-47999
-75160
21972
-22357
33703
19462
49063
-79653
-21580
-34391
35206
-4833
-88859
-86661
30427
39052
-2715
-59555
-60012
51217
31986
-67684
22225
89856
-48540
-19658
99015
-18667
-4829
90954
54943
87
22964
-75503
9011
37481
-24763
-94581
1253
-20390
-29429
-43044
-95348
52213
7075
-8145
29746
-46869
31486
61806
32895
62200
29929
41267
-12619
-44111
-61718
40495
49781
74518
45938
65863
-17177
30344
-22112
-72425
-13470
-90262
63817
22279
17037
-67716
1864
17582
65181
89953
-58152
88516
95777
-74631
-46536
-87775
-84703
-30838
298
-16895
-70206
-80010
10428
51172
-29669
89965
85176
-20259
-27921
90409
-33845
4266
103
39990
22740
14836
61639
17554
-80251
-61652
18787
32330
40183
-93302
8081
-19988
26605
-43623
-88907
-2484
-19048
-21841
22405
50698
-48247
6238
-90081
-67582
23102
-23162
34643
-98923
-82505
-61516
-25949
67989
69553
-87887
-30181
-99844
-86401
40766
32385
49149
-1799
-21896
52986
83642
-56500
79201
-78981
-57426
-24504
-46826
92059
77145
1502
-89590
65212
-89035
26338
61771
-43668
62392
-24438
40466
-15864
-4245
-61858
-69652
-49697
-6889
96874
-40313
-23578
-12049
-9342
57819
13207
63005
72830
-79897
85919
39675
55872
-7711
-15833
-6694
-33598
25802
32592
4370
-86696
-38971
34927
17053
-22724
-36164
-98836
-89133
-37011
-73402
-21013
-75889
43696
13810
55325
19715
-12911
-38267
-23796
23409
-51172
-50809
85100
-51923
21541
-3745
83864
7218
43011
-2742
79359
-53386
44006
86307
-21031
-61322
7336
-42957
-62992
-98389
-51962
-24024
-98818
19419
-63195
46789
-4727
47499
38522
69074
-12496
57370
39851
-51111
-46925
-78235
-38362
-62712
27662
-74550
81925
-59879
-32269
-88727
-57132
-88307
51987
14598
71399
68519
22561
-32696
-76196
-66908
-3683
3835
56809
45851
50120
-53759
63994
-90595
5742
-54578
-75948
69756
-11830
66371
8121
53794
-25109
-46124
12812
65773
-66496
-36335
3832
-18675
85089
54203
22452
31350
-57643
-21001
24993
-28118
73180
-6897
-96800
-31943
-19363
38588
-27135
8903
-4288
-5326
-36070
-33757
93942
-25470
-72338
-97354
-17226
-43767
66037
-29133
-90008
-57463
-48028
-76585
94232
91106
62385
-71675
77932
65301
5794
-18547
51359
30956
79270
2315
-54381
-17178
32564
78604
-82076
55239
-82438
49764
18811
-14399
-55585
96279
-4364
12160
81387
94222
-62363
37181
-52343
25477
-19081
84876
-42667
59479
-42043
-84814
-12649
35198
78939
81145
13541
-67997
52812
-1732
-18670
-25015
76338
157
4601
39195
-23885
48612
38094
6550
62709
-61606
52213
92749
-19800
91862
72215
11225
35089
-14656
71685
-45694
-64083
-66081
22262
40830
-38717
49467
71947
-56942
-75990
21825
-45876
44740
52991
-58002
-17009
63489
84575
-45650
-36401
-38589
-17275
-91654
98877
61371
-81062
97829
5672
92075
88848
-61608
-87717
48565
-75567
89399
72320
20223
86004
68203
-58311
38759
48225
-77341
-30029
-89207
19210
29658
9992
17343
-17467
-82691
93232
23842
-87436
-17994
-98020
-24224
212
-16429
-34012
-36665
94005
33374
-30097
90938
-47211
84062
57900
20209
3397
-21208
-96
23437
29888
78919
-59161
-31664
1115
88508
53641
-94439
56944
3438
-65741
30678
24629
90190
-84228
-8228
-26368
62368
9085
77928
64622
11316
30366
-27028
52442
-77157
75598
-3958
-41961
93308
51043
48381
-98721
1614
-47023
83802
14328
-68299
13102
-58711
-78299
7716
695
19128
62101
14857
59859
84793
60180
40807
-64042
-52499
-48481
-96537
-58267
82872
-58230
82253
99115
-65719
-79696
1817
47339
30497
-29046
25270
91908
46342
96747
55793
22215
-17831
64996
63725
-61845
35326
-98397
-249
-66210
-66334
-86619
-98161
-37932
42835
-68760
-78843
25682
24989
-72641
50512
-44393
9754
17260
62240
-7262
-65947
-56552
-52221
47069
59630
-83577
-48750
-23506
-11690
-88897
-94563
57822
18484
69517
-48724
-2701
71063
34287
46639
-37033
55165
-23542
34628
16207
-64668
-74078
38433
-1653
-70742
61912
-59108
-60065
72186
-31962
-3080
-69257
34395
-33718
-29536
65302
-61981
84111
-70939
-10732
-20372
-48955
-58344
-89468
34684
17983
98744
80765
-40574
90114
74840
95064
69350
-46814
68580
32784
37448
-98286
46756
45152
-64552
-49453
97525
43379
-65744
-40880
7849
-12303
9815
86215
6036
-76401
48418
13305
94933
15260
-22430
26088
-1228
35465
20697
-88482
-90988
-73272
71530
-99220
73339
-73297
-95122
-10872
-53491
-37583
-87647
98555
-8622
-23890
-74110
11603
11207
-87002
-96963
-33916
-67766
38439
-11589
-2819
-81639
-97751
-82522
-41711
-55580
-97952
96691
52318
3473
17495
3234
-64695
95192
-30611
43831
56949
94945
24161
58373
-46893
-69541
-6811
50027
-35872
81938
-97651
23477
33233
12751
-26994
-60606
-89499
91698
67649
98215
-23432
7661
69908
7547
-34770
96179
75383
15413
-1318
-13191
816
23705
-71891
54786
68890
14832
49444
-62825
-96726
38756
90315
-43731
56542
-10436
86438
39850
58123
-22584
33622
20722
16654
87683
-97348
16899
85341
-48031
45589
60500
-43617
51028
-90087
65214
54741
-26039
-5286
80329
71206
84106
14174
76592
94175
94218
85552
12124
-20060
91364
-722
-78468
-73185
-29074
35996
-32569
-352
66027
-81173
64902
17643
90620
-96434
90128
-44285
-19447
-16379
-68061
-15962
67132
83192
10597
-22604
-26260
-20474
12985
-98036
25855
-25093
-67967
-15483
-3892
68233
-12972
-99332
-19975
-3166
73063
22907
89522
-85033
-7337
-36112
-17109
44051
-20283
59774
-49137
14525
87774
49442
-40554
29516
-61089
-5448
-8935
17387
18168
61921
77605
-41111
-98839
6262
57864
99362
-8612
-90418
790
7324
43199
56441
12297
86553
-84031
85054
72785
96838
19975
-62283
50742
-80713
2357
-92859
30267
-78199
21371
-76581
39224
2089
-34712
-66165
18473
82210
55457
-35946
-70610
14639
76723
-20146
65576
55422
15957
-91000
86271
20119
62009
36259
93254
95534
-3694
5343
54733
20352
-62647
-84069
-67258
-91157
-71598
30958
-80562
79225
-10306
-62369
-7451
-4697
95187
26436
-44711
-47725
48121
-45117
-55407
-67292
89834
-31656
27515
-70207
25155
-52750
-7505
27508
-75239
-60364
85492
65501
-72565
-54539
-71418
-63332
73146
4224
42452
-22544
-59205
-81893
93005
35504
6386
-73624
25657
47738
47543
45117
89429
-54018
53760
59330
50767
87011
20336
-84367
-2409
11025
-16844
-18043
9151
-83599
-20753
22546
-6446
79990
-47581
-62946
96408
16261
-40661
22204
-77961
2862
-31192
-74559
91243
6279
84783
-78410
-29373
41771
98378
-97687
-40592
-21703
-66079
-85677
-68600
11316
24092
13607
-66631
21686
-75320
29233
19450
-59910
41911
-65539
77133
-8288
-65218
81783
36016
44813
-77400
-32597
-81012
8045
97979
-10092
9043
93758
-61634
39537
69694
8891
92122
3247
41196
17480
83056
33030
-82689
53875
68391
-63585
-11129
56238
58603
-45085
-9302
-99882
-41157
87923
79602
93693
94828
20588
-44167
11502
44073
-10413
38399
90984
97184
50533
32791
-2804
-15238
28423
-50383
-51607
60764
17325
-90212
20503
31411
-13119
55490
67585
43120
56619
62119
-33930
-22224
15680
11357
-87502
68959
72135
-33039
-11583
48378
-51725
-10570
55561
16071
6292
84840
-86696
58882
-64692
1107
95664
54327
-5184
-22952
-88487
2423
-95817
89097
-5733
14368
47404
50635
36530
-15093
28353
-68682
86538
-86674
-93204
49961
90018
88920
-25207
26377
-54579
74321
96379
47034
84650
-37727
-73741
-25268
20774
80363
35081
25835
-16231
59265
-29747
44299
16540
-42978
-17036
88580
66341
22087
322
52121
-60697
55986
-97185
62632
28508
-58254
-28915
1691
-34584
-65738
-29370
5659
-50438
-99410
83168
13658
-12386
-35530
-5714
81578
-29491
44605
48574
-66014
-18480
71632
-26408
-94856
-97563
8153
52601
-74141
38727
42220
-75510
-24237
-572
-61295
-39334
5823
73314
-73741
22661
12243
52741
83687
93039
-42470
65607
94232
-89796
3436
-6111
4255
93084
-1388
67609
93658
22156
82360
48714
-25102
18280
31663
-6123
-64002
-47804
33191
-75627
-564
94965
-11566
79143
36385
14689
-22325
57993
-47782
-35315
-39258
34225
67848
3441
91696
-11098
-87146
20186
19705
-22020
68748
-95022
-34590
-67926
21861
1853
98302
5761
85173
15331
17087
61006
51003
-75998
54127
-36766
69809
-3143
-1219
-42834
-18976
-81804
78047
82429
-67700
73268
-40378
46461
97114
-47124
-24103
-35817
72451
-95391
-25781
79389
43960
99596
-86618
-43884
5800
86994
-6941
-52401
-3571
-79097
-24721
-23464
20260
-29658
-44837
77065
21276
77381
589
-7918
98511
96746
-18176
-51474
-15332
-50101
-62413
-34762
51102
-90955
87356
30998
63839
59520
-81759
-74667
-73155
81823
62504
-14936
-8679
35948
26110
-19271
-75149
47399
1735
61281
-8966
-34096
-26164
-8438
-68638
-40406
92647
69789
-49310
75955
-18961
21205
71516
-42712
18653
-74116
-94132
56195
-45348
21350
25874
-66735
78270
-21321
31788
-96408
-32742
-33890
-18174
-27937
23549
-64297
23720
-68950
-51759
-77627
34289
-29450
15873
95576
96831
-30196
45213
49576
-9460
44085
61270
96154
-19079
-62854
86685
33432
-96055
-11835
76474
-607
-44514
33037
78721
-13803
-3656
-39337
-34944
-36133
84266
83767
-60418
67670
5947
-23129
73691
25229
48195
77686
-65245
-18605
23168
43460
17562
83837
-40089
33495
-78145
54345
87895
50729
-17749
70705
52945
97330
-59842
14383
81206
46461
-70344
97850
42155
-33368
-79258
74027
56803
11116
40574
88269
40186
-11226
-64059
85815
36441
79010
-55366
-73129
-46143
-189
-67242
-5229
-38601
49908
-97809
7646
-24953
19916
50193
8003
-19327
-8085
-82431
25791
-7426
-84214
33419
-21726
-91641
16976
-34975
23626
-22878
24260
87076
50575
32353
-80401
48935
-44654
-50449
67766
40229
86178
-47310
18981
80775
-48424
82904
-61190
-18226
57663
5010
-69572
84042
-31109
82139
19989
76749
20310
10693
33934
-75749
-79252
-5461
87390
5622
-33220
30515
40816
-31955
27375
-97114
-62910
-2500
83615
-64744
79647
-4474
-47035
-56854
-32108
-97345
20019
12634
-22378
-59412
49973
-51459
10308
-5166
18950
-35036
61444
-10627
-60077
-80313
-75458
-78474
-38672
46165
98181
30183
-82031
54598
-4326
-58325
69340
-38668
-72591
-12004
58936
-41956
-62668
-70057
-70397
-64867
-5435
-76249
18212
59904
-87978
5276
-29457
-14344
-63221
91749
-74092
71661
-13407
-2563
87085
-59847
37765
-72152
6594
31053
-19586
48706
-91043
95748
-21802
12666
30599
-57761
-79380
-61542
28769
42841
-75376
-16861
62831
-88806
-69468
-19354
2020
-59768
-38424
-93879
-34126
39203
-81121
-79841
51968
661
-49718
-25422
2808
-8295
98961
61416
-82771
31521
41374
80991
74771
64492
7188
88004
59528
-96117
29220
-73486
-11767
-4143
45545
60021
-67940
16381
-60418
47101
88655
1451
43939
-8018
-40173
23102
82018
83463
-99888
-3365
-87110
99640
90681
-9694
49197
-56139
-87882
74668
10761
2423
73292
62897
87825
67555
11803
24850
-31465
-85091
-76991
4659
-28504
-99000
-35475
52670
-96675
86902
-59300
-28638
-47681
11875
54807
7478
23754
-2468
-42697
39767
-50108
37339
53696
-69396
-98126
-91504
79100
-24812
3825
20782
10700
51656
86478
-14789
-32800
92003
-59835
-58957
95904
15615
-17315
-73812
-81250
-26305
-45099
26812
-75860
36339
-47897
49580
-61820
-15325
97072
-53942
9143
39667
-56651
31065
-3097
2357
-57761
38194
19491
59884
-78179
81271
49206
-92642
13394
-23252
81082
23390
-42035
-81711
24685
72376
-6465
-22759
20961
54595
-67860
63349
30679
3472
-7112
11995
-39264
48905
-69585
-99570
32077
-31166
87637
-68549
-34023
96342
-61314
14822
-86880
-91316
89314
65006
2687
6057
6211
59044
-22846
63457
-32442
41151
-58820
-69204
-8808
-98432
45978
66965
28750
-27589
40024
60008
-97885
-42930
-96991
63431
-1647
56864
6862
-99037
-86269
-88534
-98946
-41416
-43537
30042
-79140
67859
98945
-9211
88060
65896
-36746
81401
81300
87738
-92103
48430
-78977
-18191
22630
-40908
17535
-59439
-66353
-27083
-21489
-7784
-60831
-32525
-56234
-68296
35552
29120
-56556
-3920
-2529
91431
21057
43944
-25506
-24237
19862
87643
16903
15583
75142
-67946
45024
-17855
52616
-82179
-54052
-9712
56550
-13607
-3018
-92338
45093
63166
-15266
-68715
50067
-65592
-38371
68056
-82551
55473
-99982
65123
-70949
72376
-31400
8594
96531
92711
-44735
7724
-45375
-51340
-56329
62868
55052
63791
11220
-24985
99439
60849
67074
-69049
21971
74733
94535
-46005
-32384
89641
35619
-24881
59036
54275
43433
-34510
52615
53142
7067
69631
54974
-63377
15617
-26660
20510
-36718
29410
83422
61804
54865
-60857
52180
46771
89458
-98039
44239
8783
26284
37899
-47313
89362
90669
-69768
-35454
-88028
-75809
-31776
-80506
-63308
-12151
-77721
-203
-70824
17218
-61594
-76785
61148
91929
5236
18543
98738
55231
4436
46961
32974
62033
10456
-62481
6341
51280
-33596
59653
-82516
-48496
28521
99880
36594
73912
-89564
-35113
90029
-46068
-43137
-88709
57068
-89739
-71157
96182
-85278
-45865
92211
-35015
3707
55076
-57484
-93371
24657
32129
37859
-38496
88230
-21342
816
-28105
57197
-5831
-66656
-12816
40940
41883
45644
-23208
-76948
-53988
96733
63680
-76292
-5082
-6797
90762
-4187
25830
96859
-94373
31484
85768
-93333
-79099
81528
-1969
-58612
12152
46818
4794
-121
-62964
-2150
39757
82411
14404
-20846
-9581
-39047
-29849
67852
-94825
48332
50759
51991
30110
-66518
2050
20069
-96336
-54406
93346
-88517
-12055
-94639
39501
-1712
-97166
-70300
74009
90299
-65703
-16051
21769
-61737
-73289
62439
-68073
55257
17055
87461
53610
86329
91403
45839
97121
60286
-18117
-76628
-4967
-2589
6852
36886
-34971
-38510
-92007
-97853
-82018
-80924
30867
92176
64948
-91289
34939
-17609
-76280
20918
12788
10223
-78782
-49594
-89101
-69371
99034
99677
-30948
292
71800
4607
-83679
71693
-13082
35495
48589
48564
16520
17437
-27371
-40587
40976
24068
-4819
14668
63721
-35148
-9861
13463
-68490
-26545
-7494
77707
-56886
-64016
-77785
4812
-18157
-93646
-49097
-2619
34700
-63949
64118
-97972
7552
-41507
45197
11623
88520
45600
-2856
18481
-41920
80608
-89332
73931
-40054
-16675
-23122
39133
-41146
-79734
86361
-78306
-64025
41806
35445
-14684
20939
-33481
-50596
92767
-94974
-59709
-36498
79728
-78780
56267
-48145
-92032
70141
-619
87771
52596
77266
56028
275
89836
-60762
-67647
-73458
-26652
-47003
52152
77932
53050
41949
90770
18819
92192
92993
20802
-44788
-6625
-90878
89580
66901
-89666
-43258
29446
-91633
-41464
10887
13350
-18241
-69768
87265
-79887
-42903
46913
-17386
35932
-36901
-69766
44002
-19340
-99312
-54318
-21962
-68600
50041
65203
28266
-39976
-65578
21042
-19186
-6803
-41122
59867
-89564
-27738
-64661
-23354
46791
-26181
79719
10435
8124
-91672
98528
94152
76127
69822
-46597
75645
24725
46938
-32621
-67673
17439
-65156
49968
20626
76950
-94722
75903
96899
54990
-31368
-80969
-85573
-68794
-62826
73616
-64769
-48436
42683
-88611
-69061
-49895
13365
-83505
69416
-33980
-71054
-68366
-53246
77497
97844
48456
-28388
45823
-38336
6331
89301
-18713
-83515
-27099
-37242
6999
-2394
-96538
81331
12852
-84763
-63653
-74007
-26259
80661
-10542
4638
29739
-96959
38762
-60501
69353
13381
-97260
12662
97384
-98627
86384
-34053
-51765
50550
38086
-30043
98700
-29199
27366
-12902
81196
-19977
27440
-90631
-47059
99479
82451
-13527
53089
-26488
2057
-74090
35374
-60392
44085
-86841
-27939
30241
-1799
-85332
-92062
-73439
-46091
64582
-56303
5735
-80722
90711
55865
-63541
-25665
94226
41943
89645
50686
1289
-76910
-45428
20571
46798
-80576
74189
-65546
30001
-93756
8984
-42319
75174
-22033
-84873
61290
53739
-84478
-20676
27511
67747
-90767
-69121
42291
-4011
-84424
-38179
19954
82426
63890
59905
68303
35226
89450
30794
93773
41181
-10273
77257
-96380
-51835
-42576
78901
-15340
36298
30631
-34616
35712
50362
31212
25752
33890
59651
16340
-6379
49332
99088
-47280
-77022
25497
48687
75131
51156
82444
-77977
431
93399
-78682
12869
-44652
21022
-83960
-94206
51270
-83995
62339
-90433
60403
-46736
-70553
-77239
-35749
-27614
12278
-19023
-45735
33334
67708
-42460
-91314
-10558
48223
-88835
77448
-83277
67552
-39292
-61843
6053
74377
-24642
57395
-25398
53283
3135
-80723
-44299
61306
-9352
-8240
1045
-3626
95322
-53322
54769
47692
10913
39225
41820
-91658
-44950
16574
-82772
-47670
-65907
-96801
-60747
-80966
4350
-82692
91896
80244
80174
36237
-65178
-72600
41177
28205
78399
56948
99858
22298
28723
-2035
82311
-21312
-94357
1862
-17278
-81689
-89220
16728
-56990
-36576
83126
54981
68312
76921
-27247
-20535
-86199
72217
70789
-75009
77244
83217
25579
-13599
74170
-71744
34983
-19144
5879
-25203
-34649
-26203
-46400
92670
-50504
97382
48161
-33275
48924
-62642
79657
-77409
70821
92516
53453
82446
67817
26356
91438
-49010
-6850
73024
20900
-64742
38858
68186
-85097
-99381
33360
33654
-19334
36807
47676
62560
-27825
70020
80025
-74018
40989
7294
64510
55254
-35413
37935
-33421
53278
5084
68767
1093
-64043
98153
-33434
63483
-37882
-92849
-66436
96789
53933
45525
74455
-83677
73347
20623
-54527
55881
-25940
-56533
44145
-37974
-20099
-94093
-19938
93850
54604
-28196
62983
-34966
68964
-24822
-12644
95301
52571
2195
-81907
-32228
-82468
80124
92720
-75035
43331
-1374
-94786
58328
-83585
88138
77792
31719
-66122
73365
-75723
97539
-86460
92878
-547
-52078
61981
-18708
60966
-5495
63878
45904
-58376
68514
2560
-51984
-270
-27333
81044
-35647
-18662
-47287
36838
88709
91147
13797
1296
-18221
-91077
88747
68944
-59208
37827
738
65849
29321
-73885
11222
65766
-60016
-23911
74032
35122
-6644
-73833
-19403
-61168
-86996
87504
-76600
68625
12100
88296
-22316
82489
20425
61820
11955
51940
-13986
-44756
91585
-7256
83386
52832
-80023
82546
83438
-75911
93015
-94959
-46157
78645
78369
10830
23543
99305
-9365
54793
26321
42657
35054
58662
-52595
-123
-9736
28689
61403
-69337
-20284
-12053
90706
-87044
-15526
-207
-13538
-43004
31100
70983
-81326
-45178
90817
-21310
56288
-1387
73992
-85532
-66851
-31252
-58274
44980
-52155
-62375
85647
-94769
85972
-66727
-48021
-78875
-1887
46861
56210
17465
22705
7082
-87367
28765
-1122
70373
-76244
-12382
88532
69553
82215
77618
34790
44711
8548
-60796
-23574
-19286
-83160
14944
15355
79136
75645
61218
-84468
-29324
-51193
-61385
-26298
17866
-9972
-63466
-80452
5187
27829
-26567
59253
73158
52873
-99342
57465
92268
-85072
-68725
3958
-89186
-68539
-50252
45660
10260
-96841
20021
75628
-81179
-67016
-82526
90597
-30610
-72138
-15660
-50274
-10660
-50554
-28166
-13307
77410
88040
-73823
-94226
75686
-93237
-63386
-6505
35798
-47301
-43149
-76582
-2141
12061
6783
-72138
-78498
76691
-26467
-10198
93842
-35828
-85080
-54079
66519
-65470
-15156
37212
35822
-3179
-81597
9015
-82589
40756
31771
-63024
46637
1137
17059
55964
35964
72765
-52038
17136
-38699
43962
-42858
60290
68790
-59477
93011
-97108
43531
14750
-44311
99168
52286
87385
-19404
-52508
-54805
82941
-89565
-76375
-99007
-10525
58217
7078
80644
74079
-97855
-76634
76529
-18124
-668
3685
77836
-54301
-18852
72141
42447
-52413
46571
81104
10925
-89978
22037
-21891
34429
-47530
-63952
59031
-21983
47904
87889
-73467
36476
34011
28175
27178
-97743
-87456
-31396
-79903
727
-41372
94013
-6768
24152
-74483
-24886
34771
48676
70735
90862
-50589
38816
-70625
-39664
8382
43670
27174
62426
97443
55973
93921
56823
-37779
-54082
-76144
64174
-58636
72151
-88488
96885
51623
-23684
27139
18710
-31214
-20572
-67289
-95958
-62629
-20840
-77019
61362
-65438
11811
-24465
50995
65972
-90372
71841
39710
-40419
-47380
88599
12986
-30249
97837
-45113
-87593
-34539
1518
71852
-26533
-12376
-3359
-14175
-56114
52725
-32974
81112
22610
37862
-60079
32763
-40796
-61315
21047
85466
92834
-85795
-6060
-23577
35837
718
-45998
-68784
65802
-58868
-69284
-68740
17859
58786
80264
53015
60100
88980
76981
-55494
-67106
-82529
24411
6844
79903
2363
-71062
-94494
-40325
57450
-2407
-27009
38850
9572
6282
47667
89685
55969
-17208
25341
-61732
-39935
-62708
-35002
72667
-75244
78270
-22325
18582
-97673
43158
41946
-46662
-96400
26995
-55408
-78383
418
68075
7842
61446
-40993
-99178
-39002
21946
5288
33253
-28077
18067
-89344
44836
-543
45312
32120
-703
-59157
19641
-56093
-36862
-55211
-85661
41858
-80268
-51773
93913
-75875
71035
-93109
4080
-1257
11561
-25477
2598
55476
-93338
47586
-13253
-23973
-83360
69167
84405
-18038
93878
81155
85677
-11403
-56425
-59701
-8973
-32553
-20772
-31911
18019
-46792
-25302
-4933
87342
-35225
31598
92188
22796
98711
46677
-11910
-1108
7311
22694
-21692
-28196
77906
-37970
3846
-68836
74327
24587
35359
9744
-45926
5301
-19074
-3713
-99683
96023
24334
-12313
-52230
13298
-79625
-96788
-11830
-45510
45023
36736
-1731
69539
-56346
-8314
37657
-60560
-79825
88736
57690
-77424
44834
56301
63688
41095
4386
-56850
1995
-95530
95376
-86223
-75998
84541
-12907
-8071
-91661
7070
33929
-66074
62261
70488
90964
97021
-45072
-22981
-55685
49900
93064
-6501
-74579
-95956
-28249
-731
-39976
64871
-4987
12345
8634
25706
95639
-88119
-97820
-67515
88695
11467
87219
-3813
-57270
-8982
-30725
73831
16774
-47528
12691
-14731
-22027
-52754
38000
22233
-58977
44853
-25353
62695
73021
57719
48312
-42257
-44911
60261
-33055
-21880
-46985
-56414
-16957
-17945
55164
-83529
-73674
21389
-35500
-15476
25260
-96975
47825
-70968
21475
-8412
82275
33412
-36977
-53666
-335
11246
56738
81742
-58372
3397
-82076
-32411
-49758
70721
-75666
-43711
-15291
59309
49516
86545
-33918
-96067
-51057
-4144
-56137
-91820
-66055
65049
74900
-83361
-60703
9423
-47020
-48676
68289
41993
-30955
63216
69449
11043
24531
46878
45034
68098
-40531
97299
15747
-95088
16285
39128
71747
94300
-44428
38520
-77938
-48411
91833
79750
36333
27667
53640
-70147
-90513
-61601
80169
-94820
92871
-69749
-70334
1923
-12988
-79479
31112
21706
84085
-81383
-48427
-4567
-8369
-10252
90415
-10813
32826
-32359
-93877
7578
80859
721
95883
-18301
25215
76075
88747
17148
42073
-56724
-55832
-73606
-13530
16463
15511
79530
-13154
-72941
57642
85617
4979
-38943
-68909
17195
-46655
-19735
20655
-62000
62215
-57418
92802
-49110
-44652
74494
44494
-69240
-56276
-84039
61119
82431
-38880
89275
8550
-74562
-57991
-22241
-56185
-26059
-30301
38526
-80129
-53671
-7618
63247
7278
83821
-79978
59562
38364
-78072
25757
56040
-56409
18703
-95201
-53456
12482
95617
-2683
-67484
28947
70993
-72696
-6628
50547
33394
-46639
-17672
69213
21874
9570
29213
-96973
-18727
-15242
-3322
-83048
63305
95315
11213
-31499
-22440
17656
75069
-19833
-48964
68907
85605
-75897
29968
-84045
48453
-56141
29742
86378
-14038
-22343
-13519
-66577
-20777
-67209
-68959
36141
-32801
-95660
64230
-97823
32332
-55333
-64637
-5610
50783
-86951
22842
-95440
84933
48482
16133
67447
-50813
3484
58430
38836
25863
98016
-36585
50296
67571
-86206
-42132
-85133
-29278
35784
11655
32209
28119
-19597
-92233
47300
89534
-44981
78525
-1852
-70269
-59019
-35307
15490
-54694
-95067
-19171
99345
-5023
71291
66912
30060
98463
-68801
76335
79740
-4978
-49444
89230
79427
-75438
14203
466
-2178
21978
66206
54710
-86169
-89748
-24158
69426
-13370
-74657
55034
42921
43419
55346
96496
82784
-41357
17378
-67725
98966
19454
-60391
23227
-42513
13591
16411
48914
44688
17777
69638
3469
-9800
-86322
-37936
-75648
-28477
-77757
60815
44545
66052
-46145
43885
22904
-50209
-80269
-9060
-46156
14486
-58344
-33203
22987
38912
32113
86411
-49148
-33500
-71019
57678
-78585
40833
83703
49103
70286
-38044
-48976
86613
93392
-99261
71840
71616
69842
-18560
-14752
-8513
-33001
-71599
2457
-41862
-60257
29332
43001
28089
40184
70786
33000
97835
-28101
11671
-86370
-15756
2118
-97793
86650
86064
33380
-47216
27233
-89160
-65284
-77178
-88835
67412
-99846
4756
-4963
-24333
10085
14699
-29522
-87925
50620
80408
13781
41782
-15203
-99921
-67896
-52875
5982
11883
46548
94083
-38869
21867
42747
76771
-81557
93054
-38816
-80155
-89602
-57185
-17444
56971
-49719
-95001
9243
-83808
36131
25739
23054
31186
74325
73222
97215
81608
-96033
60382
94832
-99176
-57475
90332
-5653
-67553
-45252
40899
21698
27904
-12389
-2508
691
-26424
64353
-51485
41793
-41390
-58773
-28343
4179
-99340
56545
-10993
85583
40025
-37851
79011
-90783
-54837
-96683
99027
22482
3232
2210
61855
29244
-63019
50945
-84038
63323
-61204
77772
-1598
-85423
-45391
96001
64806
76033
-44017
-17478
-56366
34750
-88774
93423
97189
93769
-35799
76465
12466
74709
-28255
20051
18207
86605
-48721
-19044
-93791
39139
-9252
-53047
-66073
-57695
92011
70471
-9914
30598
92055
24858
72041
-12521
82194
-92354
78369
-74268
-59896
91774
-41574
42805
-25433
-19627
20004
-66454
6944
87864
-14808
68968
96502
16924
70894
-60661
80889
12800
-76086
95450
-66979
-61958
-15151
48530
-72438
-55259
21626
6359
-83619
25455
-96709
29948
93372
16632
77688
19236
67276
-96267
23359
32222
4468
-49037
-85079
-58275
30346
58394
43008
-44649
15456
72043
57902
74321
53811
-79301
29980
33342
84865
-50588
24693
-46035
48863
46969
-48551
-44885
-86531
-5882
-89199
-12218
89883
23997
-36736
-39611
17082
62582
-82476
-24039
16894
-57580
66479
52427
66910
-27564
-52247
1423
97673
38304
-56210
-93183
-91119
-17425
-50280
16679
-41690
-13163
39403
59833
80536
-69865
-60676
-82914
98097
86161
-5097
70673
85734
-65176
75649
94167
-50187
37145
-35659
18774
-55065
-22303
-2775
-94805
14205
24001
43492
6071
-21708
-69280
28077
80952
97976
82568
41433
67055
-18848
-21518
24092
28786
-35338
56584
-58598
-15040
38165
-95550
-85128
-27033
13612
-17928
-41115
93019
73082
81328
-84087
-86607
-47942
-57343
-65395
-23660
28529
74095
-71959
9708
2893
-65697
93890
-34568
4039
-31921
-48357
-89373
-99804
40548
-30126
-56540
-16835
-47878
22572
82715
-52104
62059
-1168
-98548
-8639
-30778
-66474
-91504
32724
-65802
-92230
-42898
68702
66236
17033
94091
12344
79622
-76006
-49407
58953
-20161
99911
33020
-99724
-65858
-97151
-73569
-64419
-88355
40058
95322
83776
-58155
-66882
40183
-40970
-51324
97299
75270
59029
-49740
6869
27611
-40178
-93408
-73731
-34199
-5557
72904
42211
-58672
26389
-28950
74117
-50123
586
59799
8270
-77575
40864
64024
-6177
38646
-1747
-73145
-87890
-9511
-86959
-63753
75804
-16676
-35665
41628
-12146
-34091
3488
-32045
-76682
-86411
30235
78806
-23660
53885
71649
39883
79607
87810
14031
-69946
-28478
-43711
-30412
-47567
30274
-65983
-68630
35242
-53856
90063
47236
-15613
99249
45210
78570
-27269
19931
-46910
-91934
44292
-12918
-61536
-38581
-5863
-70805
-59484
-66915
3933
88514
75712
56464
75365
88268
86705
-16295
58585
-49799
-47127
-80433
-64438
-91552
-62796
75054
94026
46697
246
74452
46849
29986
-11829
72995
-77787
-63233
