774 10000
104 4
289 4
184 5
235 5
172 2
84 5
27 2
260 3
100 4
107 5
243 5
209 2
249 3
205 3
215 5
281 2
103 5
220 3
300 2
46 2
126 3
60 2
190 2
179 4
288 3
144 2
23 2
228 2
201 4
79 2
57 4
138 4
19 3
165 5
133 3
179 2
57 5
208 4
112 2
105 3
214 2
253 5
51 5
108 3
100 5
100 2
149 3
144 5
240 5
136 3
126 3
39 2
133 5
48 4
70 5
181 4
110 2
229 5
108 3
160 2
105 3
100 5
187 4
141 3
184 5
91 2
77 2
69 5
189 2
149 4
78 5
132 3
101 5
52 2
193 5
268 4
170 4
212 5
236 5
277 2
246 4
184 4
83 3
130 3
261 3
106 4
175 5
114 2
207 5
14 2
134 5
144 2
259 5
273 4
178 2
131 5
195 5
284 3
119 3
30 5
59 2
78 5
261 3
212 2
175 2
196 3
205 3
152 3
141 4
144 3
18 3
14 5
0 5
263 3
61 2
14 5
216 4
37 4
184 5
241 4
216 2
273 5
153 3
12 3
15 2
148 2
142 4
210 3
78 4
0 2
202 5
173 4
287 4
242 2
137 2
151 2
209 3
279 4
137 2
60 2
256 4
8 2
20 3
189 4
171 5
269 5
96 5
160 5
57 2
88 5
162 3
76 4
296 2
15 3
236 2
70 5
73 4
269 2
286 3
263 4
262 5
286 5
165 3
147 2
232 2
200 2
104 4
235 3
25 3
99 5
238 3
165 4
69 3
51 4
43 4
5 2
183 4
140 4
171 5
123 3
83 2
38 2
69 3
87 2
159 5
111 4
195 5
6 5
209 3
24 4
46 3
92 3
97 5
30 5
211 5
4 4
149 4
146 4
244 3
220 3
177 5
69 4
154 2
106 2
231 4
272 3
206 2
10 3
169 4
34 4
99 4
100 2
70 5
228 4
274 4
219 5
128 3
195 2
10 5
167 2
53 5
271 5
218 3
165 4
96 4
274 2
204 5
143 2
201 5
281 5
43 5
171 5
251 3
69 3
13 4
101 5
126 5
275 3
231 2
103 3
97 5
5 5
289 2
161 5
299 4
149 3
22 3
177 3
47 5
178 5
299 5
99 2
32 3
198 4
38 4
260 5
212 3
244 4
53 2
100 3
123 3
247 2
171 2
118 2
97 4
287 4
167 5
95 5
252 5
56 3
280 2
286 5
271 2
276 2
178 4
190 2
81 5
32 4
183 3
49 2
207 3
173 4
128 2
64 2
220 4
244 2
52 2
84 4
253 5
277 2
226 3
62 5
298 4
79 4
74 2
13 5
139 4
94 3
218 4
119 3
57 2
233 5
8 3
153 5
295 3
114 3
220 5
36 5
281 3
93 3
265 3
42 4
8 4
148 3
119 3
265 3
139 5
231 3
112 2
115 4
222 5
171 3
221 3
204 3
71 2
263 5
272 4
64 2
37 2
174 3
177 3
272 2
172 5
235 5
79 4
77 5
35 5
246 3
113 2
48 2
44 5
168 5
283 3
194 4
217 4
226 5
273 4
169 2
217 2
108 5
93 3
27 5
86 3
210 2
127 5
72 3
264 4
232 3
131 5
178 4
23 2
109 3
148 5
219 2
278 2
107 3
92 5
161 2
296 2
247 3
105 5
145 2
57 4
272 4
240 3
54 3
56 4
261 3
73 3
249 2
99 2
46 2
95 5
149 4
33 3
104 4
19 4
49 2
213 2
223 4
166 3
173 3
284 3
112 2
286 4
293 2
291 3
115 4
299 4
47 3
148 5
256 5
14 4
203 3
179 5
191 3
60 4
115 5
131 3
38 2
38 3
0 3
201 3
260 3
159 3
104 2
117 3
213 2
73 3
61 2
101 4
204 3
85 5
114 4
225 3
163 4
277 2
180 2
167 3
237 5
199 4
184 3
92 3
43 3
242 4
163 5
279 4
85 5
134 4
271 5
19 3
40 3
239 5
136 5
69 4
257 5
220 3
135 4
197 2
9 5
27 3
182 4
188 3
255 5
17 5
161 5
190 2
104 2
293 4
265 2
148 5
97 5
186 3
62 3
152 5
33 4
104 3
178 3
283 2
165 5
151 4
107 3
280 2
279 5
35 3
208 3
156 2
272 4
8 5
169 4
298 3
273 3
262 2
150 4
186 3
142 4
119 4
113 3
252 2
108 2
136 2
138 4
57 5
187 2
292 3
135 5
74 5
251 2
296 5
288 2
50 3
128 4
296 3
38 2
152 5
215 3
107 3
3 3
231 2
107 3
259 3
37 3
274 5
161 5
57 2
54 3
32 3
19 4
28 5
115 5
237 5
18 4
267 5
16 5
35 3
256 2
92 4
13 5
232 5
85 4
118 4
12 3
146 3
275 3
45 3
269 5
270 2
224 4
46 3
214 2
52 4
116 4
150 3
109 5
257 4
233 2
192 3
173 4
72 2
118 3
75 5
278 3
151 5
122 3
230 2
207 3
225 5
193 2
161 3
23 2
180 5
108 3
100 3
260 3
216 5
255 3
130 4
204 2
30 3
183 4
236 4
231 3
271 2
98 4
166 4
112 5
31 2
165 5
110 3
90 5
88 5
174 2
263 2
61 3
273 5
87 2
127 4
35 5
154 4
207 5
233 5
49 5
185 5
105 4
139 5
7 2
271 4
240 2
85 5
103 2
21 3
235 5
64 4
231 2
53 3
111 3
210 3
193 4
227 5
78 2
9 3
224 5
170 2
28 3
122 4
24 4
243 4
293 4
199 3
128 3
16 5
76 5
282 2
142 4
214 3
73 4
226 5
284 4
245 4
103 3
145 3
60 3
196 3
152 4
174 5
156 4
41 5
204 4
46 3
6 3
133 4
287 3
111 4
77 5
237 2
224 5
180 3
238 3
176 5
6 4
253 5
191 5
97 3
139 3
255 5
187 2
236 4
123 2
228 2
160 5
27 4
42 5
141 2
267 5
247 3
208 5
176 3
300 5
286 2
139 4
115 4
267 5
53 4
262 4
273 3
290 2
230 4
175 3
172 5
251 2
260 2
225 4
296 2
192 2
149 2
265 3
19 2
194 5
146 5
110 4
9 4
104 2
10 3
0 4
21 2
189 2
268 3
57 4
33 3
191 4
136 3
102 3
30 4
229 5
137 5
103 4
107 5
30 2
155 2
153 5
34 2
55 3
124 5
38 2
86 2
99 4
177 2
17 5
242 2
46 5
124 4
117 4
29 4
122 4
225 3
213 3
256 4
42 4
52 2
237 5
74 4
111 2
271 3
49 5
21 3
140 3
213 3
121 4
212 4
186 2
219 5
27 4
228 2
247 2
145 5
180 2
36 5
215 3
259 3
239 4
192 3
275 3
63 3
261 5
43 5
46 4
67 3
60 5
8 5
277 4
92 2
23 3
79 3
188 5
38 3
162 3
281 2
79 2
31 2
138 3
115 4
84 3
158 2
137 3
4 2
254 5
136 4
282 5
293 2
205 5
183 2
99 5
180 2
200 5
92 4
152 4
50 4
102 2
5 3
297 4
81 5
215 2
43 5
265 2
176 4
288 3
96 5
297 5
233 5
198 4
75 2
16 2
75 5
88 2
269 5
230 5
239 5
23 4
205 5
78 4
233 3
40 4
38 5
39 3
245 5
14 5
6 2
263 5
184 4
215 5
84 4
39 5
192 4
92 2
140 4
242 2
173 3
88 5
65 4
42 5
43 5
235 2
97 4
265 4
250 3
4 5
43 3
271 5
225 3
188 4
289 4
7 4
161 3
110 5
221 5
209 3
165 2
260 4
249 5
293 5
136 2
165 2
143 4
273 5
120 3
273 2
208 4
77 4
100 2
216 3
213 2
146 2
211 4
203 2
289 4
89 2
117 3
146 3
249 3
19 4
263 5
101 2
237 5
37 5
101 4
109 2
91 2
111 3
83 2
129 2
204 3
171 5
214 2
179 5
210 3
187 4
239 5
217 3
166 4
166 2
94 3
110 2
197 3
3 4
227 2
78 2
119 2
184 4
20 3
284 5
208 2
298 3
26 5
263 5
277 2
232 5
235 2
297 2
130 3
148 4
131 2
240 4
13 3
261 4
160 4
236 4
223 2
175 5
94 5
150 3
241 3
182 3
269 5
235 5
212 4
252 5
239 5
51 2
295 5
47 5
99 3
222 5
45 4
136 3
184 5
196 3
38 3
108 3
169 4
54 5
220 3
26 2
256 3
130 2
165 5
146 4
84 2
297 3
164 2
212 2
261 3
110 3
106 4
280 5
73 2
9 2
57 3
23 2
269 4
246 5
174 2
247 4
296 3
9 5
101 5
219 4
71 2
147 2
40 2
7 4
157 5
84 3
94 5
279 2
48 5
208 2
291 4
40 5
114 2
53 4
57 4
279 2
93 2
60 2
243 2
203 2
213 4
249 5
139 3
10 5
231 4
40 4
137 4
176 3
229 2
36 2
188 3
236 2
239 5
216 2
143 4
159 4
203 5
149 5
209 5
168 3
103 4
243 3
7 2
99 2
152 2
126 2
40 5
96 2
114 4
295 2
294 2
32 5
151 3
143 3
256 5
117 3
262 5
189 4
36 4
223 3
200 5
216 4
230 2
153 3
142 5
132 3
279 4
113 5
299 4
193 2
3 2
259 5
29 2
35 2
262 4
145 5
125 3
275 3
116 2
257 4
190 2
286 3
110 3
270 5
171 2
177 5
171 5
71 2
87 4
245 2
212 3
95 2
274 3
240 2
243 5
270 4
291 2
74 5
217 2
135 5
295 2
294 4
92 2
219 2
29 2
197 5
142 3
181 3
246 2
279 3
69 4
290 3
273 5
176 5
16 2
25 5
26 4
0 2
60 5
298 5
63 5
114 2
51 3
189 5
226 4
71 5
59 5
282 2
189 3
270 5
8 2
273 4
224 4
161 4
54 2
226 2
190 4
39 4
113 2
204 5
79 2
153 5
114 3
65 2
19 3
156 2
156 4
189 5
73 2
18 2
290 4
105 3
30 4
101 2
198 5
57 4
98 4
112 5
90 5
296 5
106 4
170 2
281 3
44 2
60 4
176 2
55 2
298 2
297 2
2 3
78 2
142 4
225 4
249 2
39 5
98 5
164 3
206 2
262 5
81 3
136 2
210 2
228 4
118 3
160 3
153 4
192 4
279 2
111 2
114 2
111 4
238 3
173 4
243 2
156 3
106 5
145 2
226 5
200 3
228 3
102 2
75 3
174 5
24 2
98 2
207 3
46 2
195 5
202 5
299 4
134 2
87 2
87 2
110 4
37 5
148 5
185 4
239 5
211 4
231 2
203 5
58 2
82 5
44 4
169 4
58 4
265 4
289 5
135 4
243 5
267 4
23 3
261 2
99 5
2 3
8 2
136 5
30 4
98 2
143 2
161 3
287 5
158 5
98 3
149 5
107 3
79 5
114 5
106 4
158 3
12 5
10 4
110 4
105 4
26 5
78 3
92 4
231 3
52 2
284 5
266 3
66 2
281 3
9 4
157 3
184 5
21 4
110 2
4 5
74 5
276 5
38 4
238 4
126 5
248 2
123 3
103 2
255 2
237 5
156 5
248 3
75 5
66 2
249 2
90 5
203 5
180 5
213 4
238 3
183 5
226 4
232 2
15 3
181 5
104 2
116 2
150 2
170 4
142 5
43 4
283 3
282 4
247 4
148 4
233 5
4 5
92 5
257 3
65 3
129 2
218 3
244 4
138 3
232 3
232 3
144 5
59 2
86 3
151 3
52 3
162 4
259 5
70 5
12 5
236 3
59 3
74 2
62 3
112 3
271 4
34 5
201 2
192 5
133 2
28 5
136 3
179 5
229 5
228 2
115 3
234 2
62 4
75 3
174 5
148 5
231 5
22 4
82 4
148 2
182 4
12 2
73 2
40 3
67 3
29 4
273 5
266 4
226 2
240 5
293 4
36 3
22 4
12 3
200 2
23 3
203 3
152 5
211 4
122 2
43 5
201 3
35 2
44 2
83 2
208 5
43 3
254 5
30 4
144 4
49 2
52 5
163 2
223 2
228 3
279 3
32 4
296 2
34 2
190 2
204 2
123 3
234 2
235 2
220 5
234 5
142 5
87 5
256 2
266 5
43 2
202 5
70 4
57 5
82 5
26 3
77 2
194 5
241 3
189 3
204 5
250 5
106 5
37 5
15 3
20 2
149 5
25 3
103 2
100 3
230 5
158 2
1 4
116 4
221 4
270 2
16 4
91 2
114 3
84 2
15 2
274 5
166 4
219 5
73 5
94 5
100 3
39 4
284 4
175 4
25 3
300 4
77 2
105 2
81 3
106 5
145 4
285 5
282 3
75 4
293 5
50 5
139 5
297 4
204 5
35 2
114 4
204 3
5 4
131 4
232 2
211 3
37 3
225 4
113 2
267 4
211 3
76 2
236 3
31 4
253 3
81 3
127 3
285 5
183 5
79 5
125 5
192 4
33 2
69 2
211 4
165 3
115 5
73 4
74 3
234 3
43 2
281 4
192 4
277 5
261 5
213 4
260 2
265 4
80 2
149 3
230 2
27 2
207 2
45 4
38 2
140 5
262 2
236 3
247 3
138 5
98 2
238 5
113 3
296 5
210 2
257 2
53 3
237 3
57 2
134 5
133 2
102 2
154 3
63 3
45 2
243 3
261 5
297 2
122 4
194 5
224 4
114 5
174 3
134 3
87 5
127 5
121 2
227 4
30 3
214 4
206 3
293 5
295 3
32 4
217 4
92 4
200 5
109 5
278 2
145 2
179 5
241 2
52 2
232 4
28 2
170 3
24 2
218 4
27 2
6 3
123 4
118 2
245 3
240 2
174 4
163 4
162 5
254 5
223 3
264 3
232 5
262 2
126 2
61 4
18 2
133 3
175 4
89 4
217 3
213 4
14 4
228 2
250 3
17 2
279 3
72 3
197 5
263 2
188 3
254 4
75 4
254 2
117 3
126 5
81 4
141 2
19 4
274 5
35 5
214 4
169 2
53 2
66 5
135 5
66 2
212 4
155 5
131 4
210 3
1 3
29 2
47 5
87 3
284 5
25 4
169 5
120 5
288 5
253 4
267 4
188 5
129 3
140 3
76 5
208 5
55 4
132 2
166 2
265 3
57 4
40 3
248 3
157 4
50 5
220 3
40 3
1 5
189 2
218 5
61 2
241 3
125 2
113 2
15 2
230 2
67 3
188 5
90 4
112 2
26 5
26 5
175 3
194 2
169 5
21 3
29 2
290 3
224 4
115 3
251 3
243 3
100 5
161 5
221 4
207 5
81 4
252 2
91 3
194 5
295 2
267 3
217 2
86 3
13 4
56 5
244 4
261 2
182 5
220 2
190 2
33 2
6 5
266 4
183 3
204 4
260 3
45 3
273 4
231 2
197 2
119 5
121 5
202 3
184 3
146 2
12 2
231 3
59 3
174 5
59 2
219 2
67 3
237 2
293 2
298 3
56 5
94 5
189 5
250 2
297 4
173 2
24 4
111 3
64 3
154 2
135 4
203 2
14 4
220 5
135 5
39 4
260 4
192 3
160 4
121 5
73 2
54 2
203 3
88 4
41 4
111 3
255 3
188 3
96 2
61 3
8 4
78 5
215 3
144 3
242 2
263 5
231 5
156 4
248 2
117 3
98 3
234 5
5 2
163 4
46 4
84 4
81 4
184 3
277 5
133 4
263 4
299 4
247 2
21 5
277 3
183 2
223 5
99 4
153 4
166 4
56 3
249 3
259 2
167 3
23 3
121 3
0 2
235 2
178 4
217 5
238 3
111 2
38 3
103 2
30 4
18 4
44 4
293 5
123 4
7 3
126 5
176 2
248 2
103 3
152 5
293 4
261 2
235 4
269 2
92 4
213 5
144 3
91 2
46 5
150 5
264 3
8 2
287 4
247 2
63 3
208 4
105 4
199 4
149 4
49 3
91 5
189 5
201 2
274 4
230 5
223 3
240 2
226 4
125 3
262 4
255 2
208 2
287 3
89 2
8 4
37 2
217 2
157 5
83 5
27 3
150 2
147 4
165 3
110 3
75 5
178 2
51 5
122 5
8 3
267 5
28 5
162 2
179 3
248 5
287 2
287 3
167 4
267 4
43 3
295 5
264 2
194 2
7 3
110 4
133 3
127 4
32 2
298 3
21 5
32 3
77 4
161 3
125 2
176 4
260 4
126 5
129 4
247 3
272 5
103 3
250 4
91 3
236 5
198 4
204 3
144 4
108 4
5 5
11 4
239 3
230 4
104 4
262 4
271 5
141 2
134 5
2 2
20 5
121 2
189 4
77 4
17 3
194 2
52 3
5 5
45 4
20 5
83 4
249 2
179 4
104 5
134 3
243 2
204 3
134 3
121 5
209 5
156 4
110 2
217 2
124 3
227 4
242 4
130 5
113 5
120 3
154 3
149 3
173 4
46 3
14 2
211 4
270 4
272 2
186 5
261 4
237 5
66 3
95 4
177 4
132 2
225 2
61 2
208 2
242 2
176 2
48 4
231 4
198 2
213 2
17 2
24 3
108 4
170 3
213 3
123 5
174 2
54 3
189 3
138 5
7 2
196 5
249 2
258 3
81 4
115 3
256 4
24 4
67 5
240 5
35 4
77 5
77 2
128 2
112 4
138 4
278 5
132 5
292 4
58 5
124 2
130 4
126 3
159 5
226 3
282 3
178 5
289 5
215 5
266 3
224 5
130 3
56 2
20 3
73 2
15 2
185 2
259 4
109 2
190 2
201 3
170 3
7 3
145 3
148 5
166 3
118 4
13 5
227 4
284 2
293 2
283 5
253 5
250 3
15 2
160 2
293 4
85 2
176 4
86 4
26 2
38 3
18 2
262 5
267 5
1 2
278 3
73 3
220 5
62 3
220 4
181 2
184 4
220 3
156 3
57 4
94 4
99 3
9 2
83 2
199 2
244 5
142 3
189 3
81 3
163 5
271 4
71 2
17 3
229 3
23 3
231 2
205 3
204 5
168 4
291 5
90 5
212 3
65 4
188 4
244 3
121 4
272 4
184 5
126 2
185 5
183 4
237 3
88 3
20 3
59 2
175 3
260 5
180 3
208 4
22 2
97 3
57 3
207 5
89 2
294 2
23 5
52 3
284 5
146 2
81 2
276 3
66 4
26 4
133 5
155 4
85 4
276 5
268 2
90 5
94 4
112 5
150 3
137 2
246 3
142 4
200 2
266 3
264 4
143 3
118 5
245 2
37 3
218 5
200 4
160 3
214 4
213 4
134 5
112 2
282 3
251 3
61 4
248 3
22 3
227 5
263 2
264 4
105 2
116 3
268 4
193 5
291 5
148 3
64 2
135 5
257 2
1 5
34 3
235 5
212 3
147 4
100 3
231 5
283 2
80 3
197 5
224 4
129 4
223 2
40 5
269 3
140 3
9 5
290 3
208 5
240 4
39 2
165 2
201 3
75 3
125 5
21 5
224 2
293 4
28 5
22 3
0 2
10 3
85 3
55 4
51 3
116 2
120 5
193 5
70 2
79 3
84 5
284 5
269 5
111 4
42 3
8 3
221 5
89 3
85 4
212 2
11 2
215 5
250 3
129 4
89 4
274 3
97 2
29 2
263 3
190 2
53 2
123 4
17 5
3 3
105 4
207 2
258 3
129 2
13 5
280 3
112 2
229 3
52 2
117 2
102 2
110 4
12 5
52 4
229 5
279 2
85 5
227 3
96 2
165 5
199 5
179 5
191 4
238 3
52 3
243 5
11 3
53 4
208 5
136 2
284 4
44 4
160 3
131 4
241 2
217 5
225 5
187 5
105 3
102 4
82 5
92 5
35 4
33 3
235 2
56 5
32 5
277 4
177 2
48 3
104 5
156 3
46 3
141 4
285 4
219 2
224 2
215 2
166 4
267 4
218 3
43 5
30 2
53 4
196 4
172 5
232 2
183 3
80 3
159 3
175 2
228 2
264 3
283 4
223 3
1 5
117 4
73 3
38 5
169 3
54 3
197 5
281 2
89 2
224 3
130 2
296 2
119 5
145 2
294 2
137 5
45 3
104 4
115 3
32 4
285 2
0 4
188 5
297 3
81 2
203 3
259 5
299 2
172 2
3 2
198 2
250 2
211 3
45 3
254 5
245 4
232 3
247 4
170 5
105 3
291 3
205 3
101 5
228 4
94 5
151 4
165 3
78 3
145 3
205 3
87 2
83 3
47 2
51 5
30 3
141 3
156 3
49 3
55 5
266 4
88 5
194 4
9 4
149 5
200 2
220 5
247 3
256 3
172 2
170 5
103 4
249 4
167 5
162 4
140 2
14 2
142 2
42 3
290 2
122 3
6 2
23 2
198 2
195 3
242 5
155 3
238 2
216 2
97 2
281 3
199 4
47 4
150 3
29 4
35 2
35 3
127 4
215 2
132 3
261 4
43 5
55 5
31 4
256 4
39 3
194 4
229 2
161 4
127 4
109 2
42 3
24 5
287 2
39 4
7 2
255 2
160 5
250 2
71 4
3 4
228 5
226 3
119 4
95 2
132 5
239 5
256 4
24 4
248 2
219 2
50 5
115 3
23 4
186 5
235 5
261 4
84 4
25 2
144 2
227 3
281 3
32 2
9 2
66 4
154 3
129 4
272 4
190 5
293 2
178 2
204 5
269 4
4 3
292 3
25 2
133 3
77 3
244 3
14 4
209 3
5 2
18 3
149 4
11 4
34 3
272 3
288 4
112 3
105 2
94 2
233 5
26 4
215 4
96 3
207 5
201 5
159 4
144 3
183 2
15 4
27 5
165 2
143 3
112 3
71 4
277 2
196 4
251 3
65 3
254 2
68 2
263 2
74 3
197 5
194 4
239 4
82 2
186 4
107 2
46 5
237 2
65 4
135 3
9 2
186 2
213 3
212 2
206 3
143 4
13 5
300 5
242 4
177 4
278 4
260 5
236 5
116 5
105 5
296 3
158 2
237 4
206 4
201 4
120 2
186 4
143 4
194 5
251 4
265 4
103 3
193 2
82 5
172 5
254 4
151 5
165 2
199 5
237 2
172 2
279 5
277 4
160 5
176 4
132 2
33 2
298 5
205 3
206 2
108 2
252 3
52 4
14 2
160 2
284 3
139 5
107 2
86 5
200 4
201 2
146 5
51 4
73 2
245 4
284 5
205 5
229 3
6 5
134 4
126 5
160 5
25 5
239 5
268 4
155 5
138 3
2 3
131 4
189 4
61 5
129 2
249 3
279 5
145 2
23 2
11 5
87 3
39 2
68 2
195 2
199 3
185 5
31 4
296 5
88 3
139 2
265 3
215 5
48 3
170 2
196 5
244 2
185 2
103 5
73 5
169 2
87 2
42 2
161 5
235 4
92 3
141 5
89 2
91 5
247 3
281 2
86 2
31 3
72 3
231 5
207 5
31 5
166 5
243 3
98 5
189 2
93 5
36 5
246 4
250 3
183 4
227 2
218 5
272 3
39 2
86 5
22 5
260 2
248 3
221 5
91 4
280 4
214 4
145 2
194 5
126 4
186 4
212 2
72 4
240 4
221 5
62 3
114 4
23 2
247 2
140 2
42 4
35 4
58 2
239 2
82 5
190 3
221 4
73 4
36 2
214 3
183 5
263 5
204 5
45 4
1 2
198 5
229 2
273 4
178 3
140 4
101 5
284 3
277 3
226 5
227 2
211 2
227 3
280 3
150 5
135 5
183 5
27 2
98 2
22 3
131 3
278 5
291 2
77 3
21 5
221 2
51 5
223 3
149 3
200 4
6 5
166 5
73 2
131 2
269 3
185 2
164 2
6 2
258 5
208 4
26 3
182 4
227 2
122 4
82 2
294 3
101 5
262 2
24 2
227 5
141 5
0 3
69 5
182 5
276 4
165 4
158 2
246 4
236 3
146 4
5 5
46 2
33 2
237 3
215 5
201 5
125 5
140 3
238 4
229 3
298 4
101 2
69 5
56 4
57 3
260 5
292 2
226 4
210 4
243 5
48 2
2 3
29 2
224 2
221 3
233 3
72 2
37 3
286 5
87 4
206 3
134 5
70 2
133 3
56 2
267 2
211 3
132 2
208 5
167 3
185 5
142 5
92 3
27 5
210 3
178 3
229 2
80 3
13 5
133 2
144 5
34 3
188 2
195 3
204 4
47 4
29 4
271 4
142 4
226 5
275 4
198 5
201 3
274 5
220 3
102 5
211 5
214 5
22 5
242 5
49 4
41 3
48 3
54 2
209 4
226 3
115 2
1 4
67 2
2 2
175 3
255 5
86 5
95 5
167 3
73 2
202 4
86 3
83 3
120 5
258 4
104 4
178 3
147 2
42 2
1 4
110 5
36 5
21 3
57 4
168 3
138 4
78 5
110 2
174 4
93 5
16 5
3 4
246 3
244 5
164 2
59 3
248 4
93 3
83 5
227 5
59 3
300 3
53 3
221 3
263 4
201 4
3 2
286 3
189 2
66 3
98 3
37 3
124 2
237 3
243 4
78 4
106 2
189 5
300 2
30 4
164 4
270 4
176 5
163 2
150 2
47 5
149 4
208 4
51 5
73 3
30 4
266 2
200 4
67 3
288 5
153 4
227 3
191 5
221 5
100 3
281 5
143 4
174 4
236 2
247 4
110 3
270 4
25 3
6 4
205 2
170 3
191 5
175 5
82 4
164 2
165 5
120 3
290 5
253 5
221 2
72 4
127 4
123 4
297 5
24 2
259 3
74 3
283 5
108 5
52 3
170 3
187 3
80 4
104 4
191 3
250 5
180 4
170 3
118 2
299 3
192 5
252 5
31 2
249 4
176 2
204 3
64 5
50 3
104 3
109 3
217 5
69 4
122 3
236 4
23 5
41 3
28 5
161 5
195 3
105 3
231 4
79 5
102 4
168 5
197 5
248 3
228 3
96 4
250 4
39 2
118 4
79 4
155 3
229 3
288 2
26 2
298 5
291 2
42 3
75 3
82 4
88 2
218 3
37 2
204 3
198 3
214 5
69 2
40 5
57 5
190 5
98 4
185 3
16 3
28 4
120 2
93 4
178 4
54 4
48 2
216 5
269 2
29 2
200 3
196 3
247 4
271 4
45 4
35 4
23 5
93 5
285 3
19 4
202 3
192 4
29 3
215 5
147 2
260 3
231 4
164 4
179 4
139 5
142 5
211 5
283 2
68 2
129 2
124 4
282 5
219 2
174 2
105 4
241 4
109 3
70 4
222 2
145 2
42 3
206 3
287 3
136 5
220 4
296 4
27 5
112 2
188 3
268 5
136 4
20 4
9 5
1 2
4 2
186 5
125 4
49 5
264 4
186 2
10 5
71 2
281 3
220 4
50 2
52 5
115 5
60 2
272 3
31 4
13 4
95 5
56 5
229 4
30 2
253 3
32 5
125 4
176 5
139 5
2 2
222 2
195 3
61 4
102 3
187 3
1 5
291 5
223 5
154 2
75 5
59 3
90 5
169 2
7 3
275 4
237 4
219 3
50 5
236 4
13 3
134 4
220 2
281 5
194 5
93 3
120 5
84 5
191 5
298 4
181 3
244 4
21 3
292 5
147 2
15 2
155 2
223 2
8 2
35 3
138 5
11 4
153 5
191 5
107 4
70 4
200 4
37 2
20 3
211 4
19 4
203 2
170 2
186 4
266 4
30 5
158 4
135 3
5 5
288 2
246 2
116 3
9 2
66 3
186 4
80 2
248 4
258 3
85 5
194 3
78 5
260 3
144 3
97 2
47 5
180 2
226 5
167 4
27 2
297 5
266 2
275 2
49 2
68 4
22 2
42 3
177 4
74 4
49 2
183 4
2 4
175 5
133 3
63 2
34 3
232 2
262 2
181 5
173 5
283 2
202 3
217 4
186 3
87 5
99 4
241 4
267 4
193 3
231 4
65 4
252 2
229 3
254 4
6 4
123 2
144 3
153 4
46 5
90 3
96 3
281 4
63 4
275 2
149 4
80 5
45 2
124 2
266 4
78 5
29 3
9 3
126 2
50 5
154 5
126 2
230 4
6 4
15 5
159 3
269 2
102 4
253 5
262 4
44 5
225 5
85 3
294 3
258 3
63 2
237 5
274 2
149 3
83 3
208 3
44 4
267 5
76 2
287 2
261 5
102 2
105 3
101 2
78 5
108 2
259 5
250 4
83 3
99 4
212 3
99 2
264 2
62 5
93 3
103 2
210 5
113 5
263 4
60 2
36 4
24 3
57 3
22 5
200 4
75 4
206 4
105 2
213 2
186 5
161 4
138 3
19 4
173 5
221 2
140 3
273 5
293 3
224 4
86 3
90 3
24 2
39 4
169 2
84 5
153 2
165 5
73 5
217 5
299 5
141 3
244 4
35 3
67 5
113 4
200 5
162 3
7 3
35 2
220 5
197 4
221 2
42 4
29 4
34 5
100 3
155 5
247 3
30 3
30 3
137 4
49 3
153 5
92 2
142 3
203 2
287 3
171 3
16 2
241 5
1 5
107 3
39 5
181 5
265 5
158 4
85 4
292 2
54 4
52 3
214 3
292 5
201 5
226 3
93 3
280 5
128 2
204 4
42 4
94 5
162 2
212 5
298 5
129 4
224 2
149 5
272 3
11 3
109 4
299 4
278 2
203 5
242 2
284 5
106 3
208 5
285 4
218 5
201 4
267 4
153 3
138 5
265 3
150 3
140 2
159 2
27 2
182 2
128 5
49 4
212 2
37 5
294 3
237 3
116 2
207 2
78 4
12 5
227 4
97 3
153 2
284 3
136 5
200 3
120 3
178 4
189 4
239 2
3 3
258 4
212 4
95 3
142 2
145 5
181 2
98 4
76 2
94 4
24 3
148 3
48 4
18 3
197 4
83 3
81 2
52 2
85 5
58 5
132 4
274 5
193 5
225 5
39 5
54 3
258 5
46 2
185 4
178 2
142 4
21 3
272 4
260 4
107 3
220 5
146 5
229 4
254 2
105 5
37 3
242 4
282 2
35 3
70 2
279 5
288 2
136 5
266 4
83 5
13 5
251 2
108 4
228 3
154 2
288 4
110 2
52 2
133 2
193 2
40 2
257 2
66 3
194 4
112 2
225 3
217 3
57 4
67 3
26 4
250 5
47 5
42 3
115 5
264 3
94 4
118 3
75 4
253 3
246 2
202 5
252 3
78 2
127 3
40 5
78 4
199 5
142 4
157 5
170 4
26 2
61 2
208 2
162 3
238 3
120 5
73 5
86 5
58 3
67 5
21 5
60 5
8 4
217 4
198 5
86 2
223 4
65 5
163 2
40 2
175 4
165 5
247 4
91 2
44 4
158 4
145 3
224 3
34 4
144 2
56 4
7 4
57 2
0 2
1 5
51 3
243 5
81 3
226 5
132 2
0 5
270 3
13 2
249 2
91 4
247 5
245 3
229 3
176 2
114 5
120 3
8 2
217 4
85 5
66 5
6 3
65 4
21 4
123 2
28 5
193 5
59 4
247 3
12 3
57 2
104 3
115 2
262 3
174 3
141 3
133 5
144 2
281 4
294 3
160 2
134 2
108 2
44 5
30 3
197 3
43 4
291 4
144 4
178 2
40 5
206 5
181 2
280 3
296 4
170 4
23 4
108 3
250 5
13 3
190 3
219 3
178 4
92 4
233 5
65 5
19 4
134 3
168 2
19 4
107 5
157 3
0 2
137 5
48 5
247 2
247 3
170 3
273 5
50 2
219 3
154 4
279 5
288 2
227 5
248 4
247 5
245 5
84 2
46 3
283 5
8 4
173 3
93 3
177 5
264 4
19 2
81 3
0 2
189 4
3 4
244 2
168 3
82 5
205 2
278 3
299 3
161 4
32 5
277 3
44 2
190 4
213 2
209 2
290 5
89 3
36 4
240 3
102 4
52 5
204 2
285 2
229 5
243 5
81 4
223 4
298 3
74 4
107 3
243 3
138 3
86 2
178 2
81 3
226 4
296 4
226 3
0 3
168 2
0 3
198 5
127 5
295 5
203 3
49 3
194 2
220 4
91 4
293 2
218 4
247 5
265 5
299 4
228 3
69 4
189 5
87 5
52 2
0 4
121 3
187 5
299 2
47 2
121 4
214 3
118 4
244 4
51 3
20 2
21 2
120 4
3 3
243 4
135 2
146 5
93 2
86 5
74 3
112 2
285 3
295 5
218 4
9 3
145 2
208 3
87 3
273 4
140 5
27 4
207 3
155 2
47 5
64 4
178 2
216 5
16 4
55 2
174 5
294 3
252 5
195 5
259 2
146 3
129 5
106 5
281 5
94 3
268 4
85 2
196 3
226 5
225 3
152 4
54 5
48 5
227 2
17 3
70 4
124 3
84 2
26 4
68 2
8 4
128 2
254 3
81 5
60 3
124 3
200 4
138 2
137 3
201 5
190 4
193 3
169 3
177 4
264 4
37 2
7 3
92 3
80 3
55 4
283 2
58 2
95 2
260 2
32 4
146 2
151 3
267 2
126 5
10 2
160 5
176 4
236 3
180 4
3 5
119 2
136 2
208 3
134 2
57 3
53 4
282 4
280 4
157 2
28 5
221 2
229 5
298 5
113 5
172 5
267 4
180 5
230 2
42 3
289 2
293 5
272 5
294 3
49 2
147 5
255 4
265 2
141 4
286 4
16 2
17 3
226 3
166 2
251 5
246 4
244 3
18 2
264 2
232 5
254 4
205 2
187 5
24 2
25 2
272 2
277 2
193 4
265 5
75 3
168 5
26 5
47 5
159 5
102 4
248 2
208 3
32 5
287 4
147 5
170 2
15 3
34 3
4 2
187 5
229 2
68 2
256 5
216 2
152 3
173 2
73 2
196 4
133 5
48 2
113 2
207 5
287 5
67 4
48 5
66 3
200 4
297 5
248 4
54 2
84 4
298 3
246 3
182 2
280 4
105 5
62 4
292 2
73 2
244 3
191 4
17 5
57 4
160 4
113 3
99 2
101 4
202 5
133 2
127 5
211 3
100 5
257 4
55 5
216 4
106 4
33 3
72 3
137 3
192 4
63 2
96 5
250 3
14 2
85 5
115 5
275 3
76 4
183 2
36 3
285 4
28 5
92 2
229 3
236 4
169 5
223 5
29 4
99 3
86 2
115 3
297 5
203 4
26 5
38 5
284 5
292 3
133 2
224 4
24 4
26 2
91 3
161 2
218 5
285 4
102 4
157 3
291 3
139 5
253 4
81 5
40 3
112 3
180 2
247 3
62 2
81 2
10 5
13 2
54 2
231 2
235 4
248 3
288 3
216 5
158 2
75 4
76 3
186 2
170 2
91 2
238 2
120 3
293 5
237 4
274 4
2 4
107 5
249 2
38 3
147 4
181 2
222 4
51 5
156 3
225 3
257 4
287 4
59 5
164 4
18 5
114 4
200 5
265 3
113 3
148 3
16 2
296 4
152 2
91 3
85 4
216 5
282 2
130 3
49 2
264 4
29 3
151 2
178 5
141 2
249 3
182 3
79 4
85 2
195 2
240 5
159 3
210 2
241 5
244 2
247 3
290 4
177 5
161 2
189 4
135 2
12 3
252 3
241 3
219 4
20 3
90 2
216 2
194 5
193 3
219 3
201 2
4 3
238 5
114 2
122 5
43 3
54 4
88 3
254 2
185 3
48 4
5 5
226 3
29 2
94 2
133 4
194 4
137 2
198 3
139 5
158 3
144 4
71 4
35 4
163 2
162 3
103 4
138 3
30 2
77 5
137 5
72 2
10 4
108 3
113 4
38 5
95 5
17 2
40 2
185 4
77 4
156 4
270 5
237 3
7 3
63 5
56 3
174 2
195 3
282 5
51 2
215 4
232 3
141 3
220 4
277 3
159 2
114 4
28 4
233 4
33 4
188 4
280 2
170 2
77 3
24 4
162 5
191 2
108 5
10 5
166 3
158 5
80 5
221 3
181 2
59 5
172 2
75 4
93 2
272 5
63 5
266 3
69 4
39 3
290 4
206 3
34 4
36 2
20 3
161 3
266 5
48 2
16 2
157 4
83 3
66 4
10 2
248 5
216 4
186 3
186 5
22 5
90 4
234 5
188 4
133 5
4 2
298 5
119 4
217 5
133 2
51 2
277 3
115 3
237 3
188 5
4 4
165 3
262 2
122 4
38 5
132 5
175 5
264 2
142 3
262 2
262 3
177 4
88 5
107 4
108 5
285 3
2 3
163 5
261 3
221 3
281 4
85 3
182 5
174 2
11 2
12 4
30 4
137 5
60 2
277 3
133 4
209 2
273 4
20 3
109 2
73 4
263 2
7 5
190 5
33 2
188 2
113 5
49 3
299 3
238 2
44 2
96 2
181 2
286 3
147 3
254 2
224 2
141 5
45 5
294 2
281 3
208 5
186 5
201 2
265 2
128 4
19 4
139 3
97 3
87 4
254 3
201 2
38 4
202 4
227 3
127 4
221 5
130 2
62 3
33 3
281 5
13 5
205 4
101 4
268 5
45 2
157 3
159 4
77 5
169 5
10 5
87 4
252 4
184 3
4 4
210 5
57 2
207 2
216 3
164 3
229 5
13 5
247 5
189 3
281 3
145 5
172 3
281 4
80 3
241 2
217 3
209 4
218 5
37 3
288 5
270 3
38 4
244 2
271 5
11 4
203 4
226 2
39 5
36 5
155 5
222 2
198 5
24 5
16 3
63 2
65 3
213 3
52 4
261 3
158 5
219 4
292 2
105 3
101 5
94 3
124 3
223 5
191 5
83 4
109 2
12 5
44 4
265 3
258 3
226 2
190 4
136 2
192 2
117 5
264 5
247 2
85 2
58 4
282 3
87 5
139 3
167 4
114 3
8 2
62 4
21 5
202 3
154 3
12 3
168 4
74 5
81 2
46 4
38 4
153 5
160 5
126 2
103 4
160 5
96 2
173 5
194 2
38 4
57 2
285 3
142 4
50 3
235 3
295 3
288 3
151 5
225 3
229 5
112 3
96 4
97 5
187 2
201 2
10 4
119 2
22 5
54 4
276 5
95 2
284 4
170 2
135 4
99 4
244 5
36 5
204 4
43 2
95 5
242 3
133 3
12 5
246 4
274 3
165 5
196 2
12 5
158 2
269 4
77 3
86 2
283 4
195 4
107 4
179 2
221 4
85 5
293 5
3 2
11 2
210 4
181 3
224 3
116 2
179 4
152 3
92 3
42 3
168 3
40 3
170 4
128 5
141 4
228 3
209 5
192 4
207 5
74 3
39 2
105 4
288 2
61 5
235 4
214 2
140 2
262 3
85 3
232 3
219 4
204 2
242 4
184 3
106 5
70 5
212 3
2 2
139 5
13 2
72 4
181 3
173 2
96 4
70 5
140 2
179 5
284 4
52 3
222 3
121 3
283 2
300 5
53 4
137 4
172 2
192 5
94 2
43 5
66 3
62 4
160 2
201 5
229 2
4 2
214 2
193 2
167 2
277 2
71 3
253 5
84 3
187 4
2 5
164 5
77 4
173 2
92 3
3 2
2 2
79 2
70 4
93 4
298 4
88 5
211 2
38 4
12 2
129 2
158 3
178 4
251 4
125 2
117 4
115 5
50 4
173 3
69 5
3 4
160 5
138 4
3 3
66 4
79 4
285 3
139 2
294 5
72 4
218 4
155 5
107 2
80 5
105 5
74 4
182 5
19 3
72 3
141 3
136 4
86 4
214 2
273 3
254 5
66 5
115 3
219 2
68 3
24 4
240 4
265 4
136 2
144 5
219 4
252 5
256 5
110 3
169 5
241 3
282 4
83 2
224 2
84 5
34 5
176 2
32 3
23 5
148 3
221 2
218 2
241 2
255 5
281 3
129 4
180 4
125 4
27 5
117 3
30 4
121 4
127 5
233 2
44 4
246 4
228 4
218 5
69 4
94 4
168 5
166 3
142 5
127 2
16 4
96 2
100 4
130 2
18 4
17 3
181 3
299 4
225 4
13 5
43 3
18 2
1 2
73 5
4 3
21 5
70 4
190 5
132 5
128 5
11 3
106 4
115 4
242 5
159 3
173 3
148 2
128 2
100 2
85 3
160 5
227 2
284 2
97 3
218 5
13 3
31 5
218 2
176 4
132 3
240 2
117 5
62 2
117 5
2 5
178 5
160 2
152 5
45 2
32 5
230 4
268 2
125 2
91 3
0 2
202 4
146 4
231 2
129 4
211 3
1 5
29 3
218 5
162 5
109 5
164 5
112 5
233 4
255 4
193 3
121 4
95 2
136 5
176 4
70 3
271 2
175 2
2 4
157 4
163 4
130 4
108 2
169 3
125 3
258 3
134 5
95 4
214 2
81 2
145 3
19 5
91 5
220 2
237 3
36 2
263 5
189 3
27 5
165 4
60 5
51 4
280 5
132 3
272 5
203 3
108 2
287 5
78 4
188 2
115 3
292 4
83 5
32 4
254 2
159 3
288 4
221 2
188 5
31 5
124 3
277 4
178 5
82 4
45 2
259 3
202 4
29 2
48 4
163 3
20 3
13 2
15 3
225 2
60 2
170 5
98 3
217 2
265 2
132 2
279 2
275 3
134 3
190 3
110 2
251 5
57 4
258 2
89 5
181 2
126 4
105 2
63 2
89 4
129 3
160 3
37 5
183 3
125 4
141 3
117 2
54 4
199 3
2 2
192 4
207 2
206 5
200 3
161 3
71 3
20 4
198 3
253 5
223 5
278 5
231 5
98 3
102 2
28 3
37 3
249 2
78 5
159 2
36 3
136 3
93 5
176 2
236 5
206 5
165 3
12 4
72 5
263 3
223 2
38 4
156 2
208 2
142 5
261 2
156 3
88 3
234 4
227 2
35 4
51 3
75 3
165 2
25 5
104 3
187 5
68 3
223 5
270 3
189 2
165 5
108 3
204 3
228 3
281 3
189 3
4 3
285 3
25 2
206 5
18 3
156 2
48 3
217 2
188 3
164 4
122 5
249 5
79 3
145 3
130 2
179 4
240 2
283 3
242 3
135 5
275 2
292 5
250 5
28 5
238 5
111 5
246 3
290 4
162 5
165 4
263 2
88 4
52 3
228 3
158 3
109 2
283 5
268 4
48 3
26 2
213 3
250 2
26 2
77 4
291 5
150 5
158 4
69 3
16 4
42 2
124 5
172 4
199 4
119 5
167 2
285 2
240 4
65 5
7 4
81 3
83 2
50 3
191 5
116 4
103 3
198 4
176 5
15 5
120 4
295 2
199 2
219 5
85 2
200 4
13 2
66 4
169 3
239 3
18 4
187 5
208 5
6 5
163 4
148 5
43 5
240 4
171 2
208 4
131 5
132 4
203 5
102 4
126 5
147 5
88 4
161 4
183 2
110 3
44 4
62 5
19 2
1 5
3 3
62 2
224 2
206 2
31 5
238 5
233 3
41 4
3 5
118 3
157 5
96 3
57 4
18 2
264 4
3 4
122 5
163 2
138 4
233 4
94 2
186 5
15 3
133 2
8 5
82 4
259 4
240 5
300 5
269 4
237 3
101 4
236 3
76 3
169 2
215 4
114 4
294 2
89 3
235 5
36 2
68 2
62 4
292 3
142 4
292 3
236 5
143 4
236 3
296 4
62 5
264 4
116 4
25 2
213 3
148 3
190 5
140 3
131 2
157 2
243 5
100 2
207 4
55 4
9 5
4 4
216 4
272 4
247 5
36 5
281 3
277 5
226 4
117 3
296 5
241 4
36 2
23 5
200 3
261 5
144 4
42 5
242 4
181 3
71 5
140 5
183 3
200 4
273 3
287 4
260 4
58 2
248 5
239 3
222 4
267 5
44 2
262 2
40 5
156 2
93 2
284 2
150 5
229 4
33 2
156 4
198 4
99 3
214 3
229 2
20 4
180 5
118 2
176 3
101 5
196 2
139 3
66 3
201 2
265 5
143 2
0 2
229 5
258 2
190 3
181 4
23 3
44 3
67 3
186 5
255 5
274 2
109 3
277 2
172 4
240 3
268 5
249 3
200 3
88 2
52 4
228 4
63 4
204 4
144 4
128 3
118 4
73 4
274 3
130 3
187 3
71 3
207 3
184 5
66 4
10 5
169 5
248 5
244 5
260 5
45 4
258 3
300 3
79 2
84 4
122 2
162 4
233 3
131 5
221 3
244 5
215 3
210 5
66 3
273 4
110 2
3 2
234 3
2 4
260 3
227 4
169 2
103 5
198 4
138 3
38 3
68 4
211 2
48 4
161 5
151 4
288 5
276 4
174 5
66 5
275 5
168 3
267 5
67 5
49 4
268 4
212 4
300 3
29 5
126 5
239 2
111 3
232 3
195 5
73 4
150 3
145 4
194 3
60 3
161 3
63 2
80 3
192 5
145 3
49 4
297 5
203 5
267 2
72 3
138 3
264 2
153 5
266 3
54 5
66 3
13 5
247 4
43 4
221 4
289 2
172 4
107 4
8 5
98 4
228 4
222 4
272 5
134 4
58 3
169 5
120 5
68 2
62 3
6 4
80 2
185 2
140 5
119 4
10 2
74 4
67 5
206 2
98 3
150 4
232 3
76 5
62 4
117 3
84 3
139 5
94 5
73 5
190 4
5 3
265 5
283 4
231 4
74 5
13 3
298 3
86 4
273 3
250 3
160 2
91 4
141 2
86 4
296 5
127 4
33 2
119 4
68 4
268 4
250 3
118 3
66 4
128 3
215 5
69 3
68 4
244 3
199 3
119 4
141 3
57 5
226 3
279 3
289 4
182 2
247 5
193 2
153 4
145 3
171 4
89 5
299 3
271 5
85 3
270 2
186 2
4 4
13 3
68 2
207 3
89 4
43 5
204 4
238 4
282 4
38 4
293 3
105 3
203 5
29 4
253 2
274 2
103 4
79 4
67 2
70 2
60 2
133 5
270 2
105 2
172 4
21 3
236 2
1 2
197 3
128 5
97 3
281 3
249 3
247 5
280 4
113 3
80 5
112 2
98 5
269 5
135 4
194 2
198 4
267 4
61 2
90 4
256 5
21 4
267 5
195 4
43 4
284 5
121 2
87 2
81 2
158 2
81 4
29 2
273 4
166 5
286 5
271 3
27 2
116 3
153 2
41 4
164 3
169 3
121 5
0 4
185 4
2 5
121 2
221 5
33 4
110 2
136 4
71 3
13 3
54 5
15 5
143 5
235 5
234 4
281 5
83 2
220 4
70 4
221 4
69 5
52 4
286 3
147 2
130 3
175 3
20 4
237 2
196 3
227 4
80 4
207 3
215 2
278 5
64 2
115 2
269 4
132 3
200 3
14 5
151 2
292 4
112 3
242 5
295 5
298 3
236 4
189 4
119 2
253 5
279 4
169 2
232 3
297 2
272 5
177 4
40 3
84 4
11 4
8 5
152 5
122 4
204 3
256 4
263 3
243 4
75 3
230 3
191 2
288 3
182 2
193 2
30 5
108 5
156 3
243 4
16 2
210 2
201 4
171 2
300 5
229 5
184 2
260 5
254 5
94 3
99 5
178 3
282 3
272 5
251 4
280 4
116 3
267 2
186 4
0 5
108 4
135 3
213 2
15 4
230 4
211 5
217 3
91 3
72 3
166 3
68 3
6 2
55 2
298 4
207 2
117 4
186 3
182 5
11 2
278 2
152 2
200 2
88 5
89 2
40 2
138 5
288 2
289 3
72 3
64 4
207 4
255 2
204 2
266 2
30 2
37 2
213 3
160 2
25 2
146 2
273 5
189 3
97 5
83 3
47 5
85 5
163 3
29 4
213 5
182 3
192 5
55 5
75 3
115 5
149 5
35 3
299 2
25 2
147 3
35 4
65 4
199 2
63 4
56 4
178 3
114 4
226 2
293 4
163 4
62 4
167 3
205 2
38 3
52 4
1 4
165 3
45 4
156 3
12 3
189 5
164 4
228 2
79 4
222 4
142 3
117 2
8 4
113 5
80 5
203 2
57 2
8 3
293 5
120 2
158 3
241 3
6 5
3 4
85 5
135 2
154 3
52 5
253 5
85 2
165 4
283 2
154 5
108 2
252 3
28 4
222 2
104 3
216 2
160 5
63 5
54 2
90 4
32 5
190 4
152 5
113 3
195 2
237 5
62 3
224 4
106 5
226 4
147 2
261 2
80 4
291 4
117 5
62 5
158 5
112 3
196 3
152 4
218 5
169 4
16 2
242 2
2 2
210 5
75 4
121 2
200 4
43 5
123 2
125 3
103 4
168 5
116 3
275 3
291 2
288 5
236 4
295 4
144 3
30 5
127 2
61 5
124 3
289 2
257 3
197 5
119 4
83 3
263 5
248 4
144 5
271 4
176 5
137 5
209 4
202 3
123 4
44 2
71 5
95 2
173 3
43 4
137 3
114 5
210 4
22 5
144 4
130 5
127 2
261 5
118 5
113 2
253 3
114 2
53 2
211 5
9 2
136 3
49 4
81 5
198 5
290 2
45 4
95 5
131 4
212 2
114 2
105 3
162 5
82 2
114 5
72 3
167 3
154 2
222 4
77 4
93 2
87 5
178 4
203 3
199 4
95 3
13 4
210 4
213 4
187 4
34 4
262 4
239 4
221 5
270 3
131 5
54 2
106 3
106 3
45 4
136 2
265 2
124 5
141 3
141 3
121 4
28 2
43 4
126 3
133 2
129 2
91 2
114 2
244 2
182 3
72 2
257 5
137 2
221 2
71 2
274 3
100 5
261 3
53 3
198 3
109 4
255 4
208 5
48 3
3 2
16 2
289 2
62 2
261 5
160 4
193 3
127 5
135 5
151 5
86 3
263 5
32 5
167 3
78 2
250 3
191 5
234 5
46 2
284 3
180 4
94 3
274 4
123 5
42 5
281 4
19 4
103 3
129 2
52 4
105 4
87 3
290 2
159 4
231 5
282 4
66 4
158 2
258 4
148 5
171 2
236 4
164 4
152 4
156 4
213 4
87 2
129 2
96 5
79 2
11 5
228 5
120 4
276 5
62 4
57 2
50 4
221 4
39 5
254 3
286 4
173 2
154 4
70 5
179 2
93 4
78 4
46 5
165 3
256 3
273 4
40 4
167 4
29 3
21 3
188 2
81 3
29 2
289 4
214 5
287 3
276 4
187 2
205 3
159 3
158 3
228 3
167 2
44 5
223 3
44 5
211 3
131 5
188 4
227 5
206 3
293 2
167 3
193 2
43 4
290 2
76 2
115 4
288 4
188 2
114 3
31 4
40 2
281 3
102 4
70 2
162 4
61 2
260 3
243 4
71 3
245 5
216 3
268 5
284 5
166 5
258 5
96 2
102 3
134 5
114 3
13 4
241 4
37 4
146 5
115 2
112 4
300 4
23 2
230 2
244 2
189 2
287 5
131 5
191 2
26 5
227 2
70 5
89 2
280 3
76 2
202 4
107 4
274 4
241 5
71 4
163 3
146 5
192 4
63 3
31 5
59 2
194 5
291 5
257 4
58 5
274 2
54 5
187 3
171 2
110 4
168 2
230 5
189 4
290 2
68 2
14 2
284 2
256 3
41 5
37 2
263 3
84 5
116 3
220 4
235 3
15 3
206 5
153 4
128 4
184 5
276 2
140 5
17 4
258 2
103 5
124 2
36 2
234 3
77 4
267 5
53 5
37 2
29 3
54 4
7 5
245 4
216 5
198 5
46 5
234 2
257 5
89 2
148 4
41 5
159 4
206 4
38 3
89 4
172 3
141 3
221 5
269 5
117 3
137 4
131 4
86 5
229 4
173 5
118 3
62 3
128 2
273 4
149 2
91 3
286 2
23 5
278 4
241 5
171 4
73 5
158 3
222 4
15 4
227 5
228 2
155 4
238 5
163 3
277 3
164 2
108 3
194 4
251 2
93 2
291 3
247 2
180 4
204 3
60 5
202 5
164 4
58 4
37 3
60 4
220 4
184 4
76 2
59 5
129 2
84 2
66 3
224 2
251 3
26 5
150 2
196 5
241 4
224 5
229 5
35 4
270 2
173 5
21 2
16 3
50 5
238 2
153 4
80 4
124 5
52 4
34 3
29 4
82 5
217 2
107 5
104 3
231 4
121 4
128 4
134 4
247 5
182 3
37 4
184 3
145 3
145 4
75 3
126 5
62 5
217 4
69 3
295 3
26 2
233 2
290 5
180 2
223 5
248 4
159 3
29 2
41 2
253 4
236 4
143 3
216 4
240 3
215 3
270 5
228 5
46 5
292 3
4 3
183 4
182 5
105 4
106 5
53 4
230 2
59 2
8 2
69 4
98 4
195 5
166 5
195 2
31 3
122 5
227 3
60 2
73 2
141 4
198 4
174 3
267 4
200 5
293 2
248 2
289 5
7 3
42 4
273 3
214 3
1 2
209 4
54 4
79 4
53 4
149 3
167 5
116 5
52 5
247 5
109 2
34 4
104 3
166 2
88 5
193 4
139 2
265 5
216 2
257 5
267 5
121 4
131 4
221 5
190 2
26 2
270 3
193 2
176 2
1 2
238 3
1 4
148 3
297 2
154 2
209 5
55 4
166 5
195 4
65 3
140 3
51 3
280 5
103 5
134 3
55 5
5 4
128 2
206 4
292 3
286 2
70 2
47 5
263 2
272 5
11 5
282 4
185 5
24 4
38 4
114 2
159 5
214 3
95 3
176 3
121 3
260 2
120 2
94 3
39 2
215 3
193 2
111 3
207 5
190 5
84 5
33 5
169 4
168 3
39 2
77 4
21 5
62 3
156 3
223 4
154 3
193 5
210 4
259 5
236 5
166 2
287 5
47 2
215 4
245 3
251 5
193 3
206 3
226 3
292 2
268 4
140 5
195 2
34 4
165 3
65 3
145 2
114 2
283 2
190 4
10 4
224 5
171 2
81 4
166 5
72 5
192 4
291 2
201 2
260 4
255 4
142 2
239 5
298 2
239 5
177 3
79 5
38 5
146 3
102 4
64 3
196 5
141 3
75 5
25 5
219 5
224 5
223 5
236 2
84 4
281 2
229 2
15 2
225 5
19 4
79 2
83 3
200 4
25 4
186 3
238 4
181 2
43 5
220 3
61 5
131 2
274 3
123 3
283 4
208 2
283 5
47 5
244 4
109 4
125 4
49 4
255 3
255 3
219 4
45 3
142 5
32 5
186 3
10 2
114 4
260 2
135 4
141 3
134 3
168 5
186 3
147 2
16 5
206 3
128 4
220 4
45 2
169 4
299 2
99 5
294 4
138 5
11 4
105 2
115 2
265 5
246 5
135 3
129 2
80 4
263 5
37 4
164 5
228 2
251 3
82 3
251 2
296 2
264 2
60 5
169 2
104 2
151 2
276 2
74 2
128 2
45 2
7 4
171 3
110 3
4 4
34 2
1 2
123 4
174 5
299 5
80 4
105 4
116 2
236 5
84 2
118 2
165 4
164 4
258 5
243 3
209 3
170 3
51 2
153 2
266 3
76 4
52 4
87 4
218 4
42 5
289 5
40 5
145 4
283 2
211 3
185 3
114 2
240 2
7 2
165 4
38 5
43 5
215 2
8 4
37 5
239 3
154 2
264 3
45 5
253 5
253 3
172 5
300 5
156 2
91 4
137 4
167 5
235 5
220 2
67 3
65 4
194 4
20 5
240 3
160 2
8 3
42 2
101 5
174 4
74 5
47 4
189 2
26 5
67 4
130 5
208 3
271 4
36 2
256 5
57 3
106 5
73 4
230 3
285 4
235 4
246 2
236 3
54 4
154 5
118 4
280 5
190 3
192 4
86 5
59 4
293 3
292 4
73 5
284 5
72 3
249 2
121 4
246 3
77 2
248 2
244 2
226 2
43 2
72 2
176 5
148 3
41 4
254 5
244 3
4 5
146 4
13 4
89 2
285 2
125 5
223 5
56 4
242 4
47 2
162 5
141 4
162 4
89 3
238 4
39 4
68 4
122 2
118 5
206 4
49 3
231 2
11 2
102 4
274 4
226 5
248 3
253 5
62 5
23 3
198 2
125 3
133 2
92 5
209 3
269 4
85 3
284 4
259 3
64 4
95 5
158 2
188 3
212 5
62 3
216 5
101 3
138 3
156 4
12 5
209 3
70 2
228 2
41 5
82 3
140 2
265 2
216 2
228 5
21 4
117 3
300 5
86 3
275 4
12 4
77 2
180 5
192 4
120 4
285 4
7 5
75 3
282 2
295 5
225 5
10 4
1 4
221 2
219 2
30 2
240 5
142 3
293 5
268 3
105 5
186 4
253 2
174 5
264 4
138 3
231 3
143 4
2 2
204 4
296 4
257 3
99 3
178 3
183 4
152 5
93 4
104 2
271 5
271 3
68 5
160 4
226 2
9 3
112 2
263 4
186 3
52 4
11 3
52 5
88 5
160 4
159 2
188 3
4 4
104 5
127 2
55 5
76 4
211 4
174 2
271 2
218 2
111 5
232 5
143 5
136 4
169 3
55 5
297 3
275 2
292 2
214 3
10 4
219 2
17 5
84 5
156 4
259 4
164 2
198 4
128 4
274 3
237 2
255 2
52 3
116 3
236 5
163 2
199 5
114 2
178 2
146 3
104 5
186 4
192 2
86 3
272 4
6 3
255 4
170 4
103 2
273 3
198 2
245 5
7 5
128 4
20 2
202 5
219 2
278 4
271 3
75 5
208 3
283 4
227 3
225 3
49 5
216 5
15 2
25 3
110 2
85 3
273 2
145 3
135 3
157 2
155 5
66 3
275 3
152 4
207 4
208 5
93 4
225 5
39 4
216 3
174 3
47 4
273 4
83 4
84 4
236 3
178 4
36 4
109 4
285 4
236 2
253 4
230 2
54 4
44 5
9 5
141 4
151 5
188 3
259 2
34 2
193 5
51 5
68 2
225 3
76 3
63 4
201 5
214 4
56 3
227 3
83 5
81 3
34 3
50 4
225 3
18 4
131 3
300 2
263 3
67 4
93 5
53 4
296 5
190 5
127 5
84 2
190 3
90 2
160 5
83 5
125 3
57 3
161 2
15 4
205 2
127 5
197 3
32 4
156 3
58 3
43 2
30 3
262 2
34 4
280 4
239 4
137 3
78 2
77 4
300 3
43 2
264 3
85 3
272 5
198 4
250 3
99 4
66 3
270 5
37 5
204 5
281 4
254 2
154 3
111 3
283 4
209 5
61 5
54 4
276 2
209 4
197 4
267 5
280 4
214 2
109 3
164 3
62 4
153 3
184 3
64 2
189 3
91 5
228 4
289 4
160 3
93 2
108 2
220 2
66 4
243 3
134 4
91 2
179 4
170 3
156 5
68 4
218 5
190 4
20 3
235 3
153 2
159 2
222 4
233 2
34 4
126 5
237 5
158 2
151 4
217 3
267 2
110 3
232 5
132 4
12 4
177 3
122 3
57 5
293 3
152 3
277 2
46 5
194 4
239 3
54 2
57 2
192 2
193 4
300 5
99 5
218 5
207 5
232 5
233 4
24 3
8 4
286 3
101 3
257 3
212 4
163 3
98 4
231 5
267 2
276 3
156 4
27 3
199 2
14 4
221 2
10 3
264 2
144 5
219 2
183 3
283 2
118 3
98 2
22 2
97 5
5 2
122 5
300 4
187 2
126 5
142 3
119 2
19 2
165 5
290 2
14 4
260 4
22 5
211 5
100 4
35 3
38 4
172 3
44 3
87 4
62 5
56 2
100 4
66 4
183 4
145 3
218 2
63 2
241 3
297 5
213 2
223 3
86 5
294 5
277 5
170 3
84 4
229 4
238 2
280 2
242 5
127 4
290 4
149 3
282 3
272 2
61 2
133 2
95 4
63 2
198 4
193 3
293 4
209 4
221 4
248 3
231 5
199 5
147 3
191 5
55 4
289 5
187 5
191 4
120 4
270 4
200 2
47 3
294 4
134 5
252 4
277 3
247 5
210 2
153 5
88 3
210 4
63 3
205 5
186 5
166 2
87 3
196 4
81 5
149 4
144 3
82 4
105 2
201 4
115 2
232 2
45 2
52 3
185 5
168 3
195 2
181 3
96 2
170 4
48 3
0 2
273 3
294 4
142 2
185 3
145 3
57 3
42 4
270 2
195 4
47 3
203 2
199 4
23 3
136 5
122 3
179 3
248 5
70 5
188 5
191 4
45 4
144 3
294 5
189 2
72 4
144 2
68 4
263 5
81 5
5 4
151 5
71 4
280 4
285 5
228 5
2 4
164 3
136 2
214 2
159 5
153 3
91 5
95 4
150 4
299 5
263 2
236 3
166 2
192 4
230 4
277 4
177 5
88 5
24 5
206 2
115 3
31 2
158 2
174 4
82 3
237 3
148 4
203 3
213 2
26 5
38 2
268 4
99 3
2 2
16 3
154 4
257 5
57 4
101 2
190 4
238 4
270 3
155 3
110 2
188 4
144 3
1 5
70 3
72 4
262 2
282 3
295 2
91 4
250 2
53 5
246 4
135 2
224 2
56 3
298 4
90 2
131 4
168 2
51 5
211 2
178 2
49 2
130 5
97 2
280 4
176 3
1 3
225 5
139 4
267 3
80 4
4 2
60 4
42 3
102 4
175 5
17 4
34 4
203 4
232 3
256 5
87 4
195 4
253 2
79 5
30 2
114 3
264 3
235 3
222 5
113 5
298 3
195 3
299 5
175 3
89 4
26 3
85 2
94 3
276 3
79 4
233 2
89 3
180 2
46 4
280 5
231 4
63 5
42 2
100 2
293 2
13 2
147 4
26 3
130 2
120 4
265 2
107 2
279 3
48 2
297 2
27 4
240 2
104 3
245 4
37 2
239 3
132 5
113 2
46 3
183 4
90 4
201 5
186 3
185 5
213 2
192 5
239 2
95 5
67 4
8 5
48 4
200 5
247 5
271 5
84 2
286 3
192 3
231 3
271 2
122 3
214 3
4 5
238 5
32 5
171 4
23 4
268 5
139 2
169 2
79 3
12 4
249 2
181 2
127 3
188 5
203 2
96 2
89 5
193 2
131 4
51 5
150 3
119 5
56 5
77 4
32 5
245 2
56 2
250 4
94 2
133 2
285 5
154 3
261 3
26 5
88 4
180 2
68 5
32 4
110 5
137 4
71 5
154 4
115 4
229 2
166 3
200 5
178 2
107 3
230 2
158 3
154 5
35 5
83 3
166 5
296 2
185 5
205 4
163 2
294 4
18 4
265 2
263 2
85 2
145 3
254 5
266 2
19 2
299 3
190 3
242 3
232 4
84 3
125 4
67 5
56 2
68 3
177 5
225 3
257 3
76 5
122 2
193 3
209 2
283 5
161 2
5 2
7 2
125 4
84 3
251 5
1 2
203 2
133 4
82 3
120 3
128 2
146 3
151 4
273 5
58 4
80 5
191 4
256 4
150 4
55 5
269 2
230 5
160 2
203 5
5 2
58 2
224 5
24 5
139 5
11 4
106 5
166 5
198 2
225 2
235 2
249 4
266 5
125 3
129 3
256 3
30 3
67 5
102 5
190 2
102 4
168 4
165 3
46 4
65 2
261 5
9 2
246 3
204 5
13 5
271 2
22 4
78 3
284 5
232 3
58 3
128 3
220 4
165 3
284 5
294 5
20 4
10 3
32 5
203 4
233 4
125 5
0 5
209 2
38 5
158 2
261 5
178 4
271 3
164 4
225 5
184 2
35 2
139 3
138 5
217 2
266 4
89 4
254 2
111 4
9 2
10 5
131 4
238 5
106 2
21 3
183 4
143 3
150 3
123 4
73 4
299 4
82 2
204 3
5 3
109 3
191 4
245 4
194 3
212 3
11 2
186 3
236 5
76 2
58 5
75 3
242 4
249 2
71 3
15 2
21 2
257 4
242 3
209 5
187 4
262 4
21 3
275 5
174 3
6 5
182 2
255 5
230 4
143 3
28 4
78 2
165 2
38 3
164 2
120 3
179 3
148 4
188 2
221 3
279 5
19 4
193 3
46 5
35 2
295 2
233 5
111 3
268 5
132 3
101 4
41 5
110 4
211 2
263 2
186 4
40 2
59 5
170 4
183 4
155 5
267 5
76 5
206 2
92 4
293 3
201 4
245 5
111 5
265 5
199 3
132 4
106 3
242 4
158 2
147 5
5 4
222 4
25 2
117 4
65 5
78 5
117 3
95 5
287 5
94 5
133 3
222 4
280 5
178 2
20 2
77 3
261 2
230 4
53 3
35 5
249 3
53 3
132 4
143 5
81 4
173 5
170 4
113 2
162 5
79 2
14 2
63 2
52 2
241 5
96 2
131 5
279 2
65 4
23 2
144 5
0 2
184 4
30 4
70 2
153 4
101 5
215 3
23 5
77 4
159 4
187 3
80 2
285 2
161 3
232 4
191 3
198 4
67 5
220 4
229 4
31 2
176 5
219 3
17 2
209 2
181 3
195 4
155 5
226 2
117 3
194 2
10 4
231 2
41 4
179 4
12 4
125 5
147 4
185 2
51 3
230 3
128 5
227 4
253 5
38 2
84 4
206 3
277 3
192 5
11 3
22 5
277 2
192 3
147 5
153 2
228 4
33 2
274 2
134 2
13 2
221 2
215 5
135 4
87 3
259 5
34 2
161 2
215 5
147 5
226 4
221 2
150 5
266 4
38 4
85 2
185 3
61 3
276 4
240 5
102 4
232 5
292 5
138 3
51 5
82 4
87 2
86 3
3 4
64 3
295 3
122 4
251 3
228 5
98 3
9 4
141 4
139 3
277 5
162 4
41 4
12 5
284 3
189 4
142 5
77 5
38 2
17 4
201 5
201 2
112 3
170 2
124 2
13 2
101 4
234 4
250 5
30 3
17 2
17 4
31 3
112 3
23 2
137 2
40 5
144 4
36 5
191 3
178 5
259 3
98 2
221 5
17 2
94 4
284 5
256 4
117 2
170 2
209 4
240 5
28 2
290 3
106 4
243 3
147 4
253 5
198 2
45 3
52 3
133 3
113 2
138 3
276 5
127 3
136 4
230 5
88 2
27 2
112 2
17 5
221 3
56 2
13 2
273 5
52 5
207 4
180 5
64 4
29 5
155 3
52 5
98 2
212 5
154 4
199 4
111 4
196 3
249 5
89 4
116 3
113 3
188 3
180 5
69 4
219 5
231 4
208 5
292 3
85 4
125 5
193 2
165 4
166 3
143 5
281 4
241 5
244 2
45 3
36 5
15 2
172 5
212 4
235 3
262 4
193 5
70 2
97 2
168 3
116 4
198 4
61 5
264 3
76 4
176 4
45 5
241 2
24 4
60 2
111 4
127 4
198 5
38 2
167 3
72 4
178 3
173 3
244 3
247 2
155 3
116 4
6 5
84 3
45 3
7 4
263 3
253 3
38 4
43 4
37 4
132 4
23 3
216 5
286 3
288 4
126 5
283 2
181 4
108 2
6 5
45 4
63 2
109 2
52 4
137 4
178 4
207 4
271 2
200 2
38 3
115 5
231 2
182 3
124 5
120 5
89 5
15 3
144 3
269 3
172 4
102 4
192 3
198 3
191 5
195 3
229 3
84 5
139 4
118 2
235 3
49 5
117 5
159 3
295 3
188 2
117 5
288 3
35 5
209 3
176 4
77 4
209 5
170 3
68 4
156 2
227 4
234 2
80 4
115 4
42 5
240 3
141 3
92 5
152 3
188 5
239 5
26 3
47 3
8 4
105 2
297 4
59 2
205 2
168 2
217 5
75 5
33 5
22 4
185 2
298 4
34 4
123 3
98 3
205 3
196 2
5 4
120 4
168 4
9 5
54 4
220 3
141 2
183 4
186 3
83 2
237 5
265 4
128 4
128 4
48 5
147 3
147 4
51 4
113 2
149 3
122 2
236 4
144 3
181 5
265 5
9 3
162 5
218 5
53 3
39 3
29 2
95 5
24 2
155 3
216 4
182 3
216 2
1 4
88 2
248 3
199 5
55 2
226 2
243 2
244 2
107 2
219 3
54 4
80 3
25 3
252 5
159 3
247 3
96 5
8 2
75 4
84 5
163 4
5 4
292 3
221 2
48 2
43 2
270 4
181 3
21 3
115 5
195 4
207 5
255 2
193 3
58 5
273 4
248 5
102 3
121 5
254 2
174 4
178 2
41 4
169 5
3 3
250 3
181 5
121 5
217 3
296 2
79 3
293 4
181 4
170 4
49 5
118 2
143 3
203 3
3 5
271 3
77 2
286 4
221 3
252 2
120 2
227 3
176 3
108 3
29 3
268 3
14 5
291 5
87 5
298 4
26 5
121 3
253 5
161 3
158 2
233 4
169 5
252 2
258 5
121 5
254 5
272 2
267 5
34 2
57 3
267 5
55 4
153 2
49 5
143 3
242 3
257 3
61 5
108 2
172 4
278 4
284 3
291 2
277 5
218 3
152 2
243 3
222 3
297 3
245 5
1 5
129 4
157 5
292 3
42 2
185 5
137 2
256 2
102 2
126 4
262 5
146 3
118 5
1 5
291 3
144 2
149 2
284 5
160 4
85 3
37 5
184 4
65 3
256 2
211 4
139 2
7 3
264 3
283 3
243 5
31 5
93 4
263 3
142 4
33 3
175 5
20 4
19 4
29 2
222 3
138 3
78 2
176 3
181 4
44 3
293 2
119 5
147 4
168 5
52 2
235 2
145 3
97 3
137 4
24 5
83 4
147 2
16 2
191 2
68 2
123 5
82 3
81 5
216 2
51 4
56 5
77 5
256 2
21 4
249 2
98 5
225 3
130 5
195 4
220 5
300 2
71 4
164 5
175 2
21 3
264 4
153 4
62 5
95 4
72 5
237 5
10 2
263 2
161 4
93 5
238 4
201 3
2 5
250 4
95 2
248 2
114 3
4 5
98 3
289 5
68 5
51 4
232 3
182 3
187 5
30 4
168 5
189 3
203 5
30 5
229 2
35 3
196 3
5 3
244 2
206 2
70 2
11 4
149 2
63 2
268 4
207 4
67 3
206 3
173 4
113 3
15 3
105 2
165 2
156 5
96 3
249 2
70 2
240 4
14 2
6 2
149 2
80 5
87 2
197 2
214 4
101 5
262 2
267 5
226 2
134 5
83 3
202 5
250 3
168 5
27 2
17 5
254 2
3 2
1 4
252 4
203 2
40 2
18 4
6 2
208 5
270 2
120 5
108 2
173 2
17 2
127 5
109 2
197 2
107 2
237 5
111 3
99 3
200 2
17 4
288 2
125 3
67 3
38 2
233 3
105 3
54 4
71 5
211 5
105 5
279 5
39 2
187 2
64 5
188 3
291 3
284 3
222 3
259 4
263 4
259 4
26 4
104 5
98 5
255 2
134 5
84 2
108 2
252 4
21 4
247 5
186 4
205 5
47 2
242 4
280 2
34 4
278 3
201 5
106 5
25 2
138 5
153 5
275 3
101 3
274 5
299 2
203 3
40 3
182 3
56 5
231 2
67 3
22 5
193 5
32 2
4 5
86 4
206 2
275 4
9 3
96 2
197 4
98 5
298 3
247 2
175 3
214 5
185 2
233 2
108 4
42 4
206 5
70 3
281 3
13 2
158 3
229 5
104 3
16 4
122 5
131 5
3 3
291 5
32 5
160 2
140 4
188 3
218 5
199 3
28 5
2 2
121 3
62 5
50 4
37 5
266 2
36 2
203 3
293 4
195 3
296 2
123 2
178 3
15 5
232 4
129 3
242 5
96 5
233 2
99 2
91 2
282 5
106 3
249 5
267 5
44 2
12 3
155 5
245 3
103 4
176 5
242 2
37 3
35 3
75 3
137 4
4 3
111 5
149 5
147 3
195 2
181 5
273 2
300 2
177 4
54 3
220 3
166 4
101 4
117 3
272 3
13 3
144 4
295 2
229 5
275 2
48 5
13 3
82 3
115 2
283 4
46 4
34 5
181 5
58 3
54 5
106 4
106 2
62 3
4 5
215 2
260 2
162 2
33 3
164 3
179 5
222 3
126 5
238 5
95 3
71 4
56 4
120 2
180 4
225 4
52 5
145 2
192 4
41 4
287 5
226 3
192 2
102 3
124 3
46 2
12 3
191 4
164 5
16 5
287 2
128 5
225 2
223 5
157 2
228 5
178 2
293 5
201 4
47 3
256 4
14 5
219 3
22 4
68 3
250 3
263 4
232 2
162 5
183 4
200 3
250 5
69 5
145 4
267 3
148 4
270 5
96 4
262 3
9 2
284 4
77 3
293 2
93 2
77 5
253 4
10 5
202 4
278 5
12 3
290 2
267 2
227 4
273 2
217 2
62 2
12 3
243 4
209 3
4 3
257 2
111 2
299 5
95 2
180 4
216 3
181 4
260 5
11 3
201 5
0 2
54 3
272 5
147 2
209 5
27 3
66 3
14 4
206 3
43 4
287 2
69 3
5 4
61 2
195 4
29 3
30 2
290 5
256 3
0 3
39 5
6 3
138 3
72 5
161 2
58 4
298 2
37 2
57 5
205 5
108 5
216 3
246 5
208 5
130 3
207 2
179 4
122 2
125 5
249 5
76 3
244 3
290 2
234 5
281 2
142 3
93 4
293 5
143 4
293 2
138 2
227 4
212 4
211 3
132 2
128 2
225 5
265 3
27 5
186 2
227 2
71 5
186 5
217 4
16 5
262 2
54 4
50 5
14 5
15 3
112 2
10 5
185 5
90 2
35 4
282 4
61 5
151 3
213 4
168 3
227 3
43 3
102 3
203 5
1 3
68 4
277 5
151 5
178 4
196 5
282 5
264 5
205 3
218 5
28 2
67 2
249 3
8 2
58 4
9 2
139 4
176 2
215 4
136 4
172 3
151 4
0 3
123 4
29 4
266 5
128 4
153 2
67 5
271 2
96 3
147 2
287 4
187 5
35 2
48 5
118 2
130 2
222 3
6 5
235 3
64 4
246 2
213 2
39 4
19 4
116 3
213 3
144 4
75 3
109 3
45 5
272 2
243 4
7 2
237 3
149 4
45 3
112 3
25 3
150 4
42 4
109 4
208 4
279 5
153 2
232 3
190 2
128 5
113 3
43 3
289 5
114 3
260 2
169 3
260 2
154 3
126 3
300 3
67 3
209 3
20 4
5 4
232 4
144 4
240 4
85 3
196 2
73 2
27 5
258 3
36 4
177 3
295 2
168 3
45 3
16 4
236 2
283 5
108 4
279 4
122 5
171 3
213 3
75 3
233 3
180 3
51 4
230 2
7 3
226 4
237 5
249 3
134 4
221 3
170 5
2 2
10 2
279 2
233 3
6 5
240 4
197 3
107 4
183 2
126 5
134 3
86 5
38 4
185 3
188 2
283 2
134 5
238 4
237 4
229 2
155 2
257 2
58 2
28 5
211 2
55 3
208 2
237 4
239 4
133 3
25 5
148 2
77 5
207 5
253 3
23 4
230 5
124 4
256 4
293 2
121 2
34 3
39 3
267 2
281 4
20 5
202 2
177 5
279 4
294 5
296 3
258 3
53 3
299 4
170 5
23 4
259 3
147 5
221 4
17 4
159 2
160 5
52 4
170 2
16 2
233 4
163 3
100 3
90 3
96 5
60 5
179 5
71 2
296 3
247 2
98 3
33 3
286 4
105 2
266 2
235 2
152 4
5 5
121 5
217 2
21 2
277 5
62 5
135 5
16 5
141 2
32 5
15 5
288 2
248 2
38 3
213 5
119 3
189 5
229 3
266 3
55 4
150 4
247 2
254 5
283 2
114 4
172 5
33 5
127 2
109 5
4 5
71 4
83 2
85 2
39 5
141 2
76 4
2 3
267 4
272 2
103 2
200 3
57 5
295 2
56 3
151 5
93 3
171 4
236 2
60 4
299 4
243 4
231 5
59 2
295 3
265 4
3 5
61 2
191 5
36 3
55 4
266 4
183 2
209 5
74 4
29 5
269 3
25 5
207 5
225 2
217 3
58 5
167 2
214 2
136 4
0 4
71 2
22 3
237 3
80 2
236 3
80 2
26 5
297 3
223 2
286 3
41 2
271 5
61 4
256 3
76 3
87 3
55 5
70 2
204 4
172 5
161 4
94 3
93 5
235 4
258 4
256 4
3 3
115 4
109 3
31 4
54 3
232 5
83 5
144 4
262 5
38 4
183 2
108 5
191 5
148 5
246 2
50 3
114 5
144 2
110 5
18 5
209 5
212 4
178 3
231 3
90 3
48 3
40 3
107 4
13 5
230 5
26 3
265 3
236 4
126 2
264 5
133 3
57 3
177 5
140 4
188 5
214 4
173 2
18 2
291 3
279 4
79 5
93 2
98 5
132 4
247 3
114 2
206 3
138 4
295 4
126 4
107 2
35 5
52 3
189 5
23 2
195 3
169 3
14 3
243 3
213 4
185 2
258 5
135 3
43 5
231 3
170 4
37 4
10 4
194 5
233 2
45 3
229 4
216 3
300 2
193 5
180 4
128 5
218 5
144 5
218 4
131 3
3 3
294 3
258 2
293 4
182 5
119 4
227 4
62 3
300 5
192 4
294 4
46 5
111 4
18 4
235 4
130 2
2 5
24 5
138 3
245 3
48 2
91 3
142 2
74 2
85 3
51 2
246 4
224 4
213 4
295 3
73 4
4 4
50 4
68 2
74 2
166 2
211 2
160 4
108 2
133 2
64 3
10 5
65 4
289 2
282 4
168 4
3 3
111 3
251 2
269 5
17 4
191 2
277 5
150 3
15 2
171 4
28 4
65 5
171 2
300 3
144 2
215 5
214 3
199 3
117 5
299 3
242 2
223 5
23 5
87 2
259 5
142 5
87 4
133 2
119 2
257 5
40 2
167 2
163 5
84 3
288 3
159 2
191 4
61 5
149 2
44 2
147 2
98 3
5 2
201 2
38 4
32 3
216 4
174 3
79 3
109 2
37 4
104 2
209 3
134 5
255 3
128 3
0 5
95 4
230 5
93 5
76 3
256 3
121 5
59 4
116 2
257 4
67 2
150 5
51 4
226 5
23 2
84 5
168 3
213 4
17 2
22 3
127 5
173 5
5 3
115 4
172 2
210 4
99 4
20 3
9 5
18 5
275 2
278 5
269 4
236 4
280 5
270 4
53 4
107 2
125 3
241 5
177 4
298 4
265 5
12 2
62 3
275 3
24 5
269 2
197 5
267 2
125 4
257 3
63 2
229 5
191 4
16 4
18 2
266 2
43 3
83 3
285 3
183 2
82 4
34 2
39 2
108 5
157 3
27 2
288 3
79 5
87 4
134 4
278 2
284 5
131 2
275 5
61 2
195 2
201 2
277 4
182 5
105 4
278 3
81 2
115 3
73 4
273 5
212 2
294 3
192 3
6 3
167 3
172 4
274 4
171 4
44 5
274 3
269 4
201 4
274 5
164 3
198 4
220 5
129 5
20 5
178 5
27 3
239 3
2 2
24 5
281 4
181 2
147 3
156 4
268 3
61 5
53 3
115 2
189 4
79 4
207 5
19 4
89 3
86 4
37 3
49 3
13 2
92 3
252 5
256 3
187 5
173 3
118 2
154 4
62 2
48 5
263 2
135 5
192 2
253 4
107 2
215 5
36 5
139 5
263 4
30 5
77 2
14 2
123 5
73 2
95 5
43 3
268 5
14 2
42 2
291 5
85 5
165 4
256 3
24 5
297 2
124 5
100 2
25 4
45 5
299 2
262 3
18 3
203 4
283 4
68 3
205 2
183 2
222 3
288 3
102 2
297 2
274 3
59 2
147 4
73 4
160 5
268 4
226 5
292 2
281 2
296 2
228 2
93 5
209 3
94 2
55 5
29 5
279 3
9 4
213 2
116 5
243 4
227 3
56 3
9 3
151 4
96 3
252 4
221 2
46 4
263 3
217 2
20 2
190 3
244 2
106 5
197 5
64 2
83 2
88 5
147 5
280 2
87 4
173 3
225 5
172 5
7 4
15 2
256 5
62 3
262 3
203 4
265 4
286 4
218 5
94 5
14 5
137 3
231 5
62 3
10 5
5 5
89 2
145 5
195 2
168 3
272 3
11 2
266 5
48 5
254 4
112 3
142 4
3 5
147 4
151 5
195 4
21 5
61 3
135 2
209 5
0 5
145 4
103 2
150 2
101 2
68 3
146 3
35 2
34 2
250 2
101 2
198 2
220 2
294 4
220 2
276 3
197 4
169 3
172 2
109 2
97 2
87 3
240 4
131 5
100 4
165 5
247 2
191 3
6 3
229 5
83 5
267 5
289 3
57 5
128 3
249 3
92 3
97 2
153 3
104 5
248 5
134 3
141 2
280 2
163 2
33 4
96 3
286 2
27 4
178 4
119 4
208 3
99 4
187 3
229 3
59 5
111 3
253 5
26 2
271 5
90 4
240 4
24 5
127 3
189 5
150 4
160 3
20 5
138 4
233 3
56 2
170 2
172 5
293 5
13 2
102 5
38 5
71 3
192 4
66 5
158 2
239 5
158 4
239 3
222 5
135 3
131 4
281 3
65 4
56 3
121 4
12 4
25 5
283 5
29 3
5 4
99 4
20 2
268 5
168 3
257 3
73 5
126 2
253 3
262 2
170 5
262 5
35 2
109 4
177 3
262 2
122 2
286 4
31 2
222 3
7 4
77 3
146 2
256 3
192 2
53 5
151 4
228 5
115 5
246 2
119 3
249 3
197 3
36 2
264 5
78 4
85 4
10 5
172 2
169 3
125 2
61 3
128 5
295 2
134 5
49 2
86 5
113 5
119 5
234 5
231 5
89 3
210 2
248 2
158 5
221 2
98 5
61 2
206 3
242 4
240 4
266 5
178 4
87 2
256 3
117 2
96 4
44 5
145 3
181 3
226 2
100 2
25 3
254 5
237 5
214 5
13 3
223 2
79 2
26 4
212 3
163 5
33 2
133 3
274 2
63 5
274 4
211 5
269 4
23 3
38 5
216 2
127 5
168 3
133 4
9 5
57 4
97 5
260 2
166 5
180 5
194 4
201 4
69 2
152 3
21 3
200 2
181 5
155 2
112 3
195 2
64 2
38 3
261 3
60 2
6 3
92 5
218 3
255 4
47 3
44 3
131 2
195 5
115 4
135 3
203 4
255 3
188 2
103 3
49 2
32 3
69 3
98 3
228 5
113 5
168 2
244 5
66 2
103 4
125 5
47 5
290 4
295 2
0 3
99 5
200 4
115 2
284 4
98 2
264 5
75 3
19 5
128 2
234 2
191 5
160 3
276 2
2 2
11 4
137 2
168 2
154 3
61 2
282 3
237 4
200 2
242 4
60 4
125 5
181 2
164 2
192 4
126 3
189 3
131 3
249 3
259 4
122 4
270 4
16 4
197 3
15 5
250 3
229 2
91 5
125 3
74 4
275 5
45 3
21 2
38 5
21 5
136 3
21 3
276 2
212 4
280 5
110 3
201 2
178 2
113 2
156 5
255 2
285 4
105 5
252 2
3 5
232 4
82 3
0 4
76 3
139 4
183 3
129 4
157 4
252 3
182 3
249 4
212 5
31 5
159 5
77 5
26 2
268 3
22 3
37 3
245 5
231 2
105 5
69 4
56 4
128 4
249 5
12 2
267 4
230 4
245 5
274 4
182 5
293 4
233 2
253 4
249 5
296 5
256 4
260 5
132 5
146 2
195 5
293 4
58 2
1 4
267 5
143 3
105 3
3 4
101 5
91 5
2 4
287 2
107 5
182 4
245 5
108 2
39 2
195 3
38 5
95 4
165 4
222 3
128 2
207 4
181 2
64 3
110 4
221 4
163 3
296 3
290 5
40 2
284 5
145 2
275 2
99 4
282 3
90 2
129 4
236 2
93 4
53 5
60 5
225 4
14 2
221 4
40 3
54 3
110 3
30 3
296 4
249 2
98 3
196 2
219 4
150 2
236 4
229 3
59 5
120 3
260 3
242 3
92 5
286 5
191 4
35 4
263 3
289 4
52 3
10 2
70 5
97 3
7 4
110 2
238 4
39 4
44 4
191 5
23 5
138 5
22 5
36 3
27 5
40 4
233 5
299 2
283 4
164 3
157 3
202 4
44 2
154 5
159 3
89 5
229 3
170 4
87 4
136 5
89 5
250 4
14 4
95 2
185 4
254 4
181 3
19 2
134 3
199 3
298 2
217 3
145 2
238 4
37 5
279 2
255 4
196 4
276 2
88 2
98 4
100 5
140 3
198 2
174 2
203 2
279 3
82 4
38 5
169 5
106 4
97 4
280 4
73 4
4 2
145 3
23 2
250 2
33 3
287 2
134 3
138 4
284 3
40 5
232 5
99 4
274 2
283 4
284 2
110 5
53 2
198 4
85 2
34 5
274 2
223 3
94 3
299 4
222 5
211 3
208 5
102 4
25 4
77 3
56 2
218 3
94 2
213 3
222 5
53 5
61 4
120 5
67 5
200 2
247 5
172 3
196 3
11 5
159 3
72 3
217 3
299 3
93 5
99 4
102 5
102 3
1 4
3 4
232 3
81 5
282 2
22 4
119 5
132 3
139 3
35 4
85 3
153 4
150 4
206 3
124 5
58 5
57 5
52 3
23 4
49 5
163 3
281 3
96 4
202 4
132 2
1 5
64 5
42 3
201 3
104 5
27 4
80 3
279 3
103 4
233 2
143 2
266 3
45 3
216 2
258 3
231 3
244 4
230 3
19 3
210 3
131 5
182 2
223 5
86 5
207 5
139 3
288 3
292 3
32 3
179 5
213 4
13 2
75 2
117 2
262 2
122 5
122 2
93 2
98 5
39 3
110 3
160 3
117 4
243 3
96 4
240 3
42 4
195 2
227 3
28 3
285 4
151 2
169 2
46 5
226 5
43 3
175 2
165 3
82 2
297 4
83 4
59 3
136 5
275 5
205 5
86 2
209 3
9 4
30 3
173 3
241 5
190 4
144 2
158 2
293 2
280 3
226 4
116 3
34 5
4 3
254 2
286 3
271 5
176 3
235 4
146 3
48 2
219 3
28 5
187 5
30 5
89 3
194 4
249 2
212 4
278 2
137 4
25 5
172 2
290 3
202 4
269 5
219 2
109 5
1 3
3 5
188 5
83 4
158 4
102 5
286 2
269 2
201 2
218 4
139 4
228 2
183 2
267 3
270 5
54 4
2 4
42 2
153 3
217 5
90 3
189 5
291 5
232 5
101 4
107 3
165 2
282 2
148 3
2 2
14 3
196 4
7 5
43 2
51 5
177 3
283 4
28 2
280 3
200 5
231 4
160 3
28 3
184 5
8 5
109 4
109 3
205 2
70 4
229 4
25 2
211 5
29 2
212 2
62 4
157 5
63 2
36 5
146 5
87 3
216 2
203 3
32 3
283 4
279 2
275 3
138 3
222 2
5 5
10 4
210 4
95 4
118 3
105 4
252 4
269 5
134 2
24 4
146 5
165 5
150 4
121 4
179 4
229 2
72 4
107 3
34 2
188 5
12 3
245 5
101 2
265 2
278 4
235 3
298 2
123 3
192 5
247 2
247 3
28 2
161 2
15 4
187 2
175 3
87 5
92 3
268 2
287 3
231 2
61 4
11 2
269 4
19 2
152 5
168 3
230 5
295 4
87 4
215 2
213 3
220 4
20 3
242 3
49 2
299 4
106 3
192 2
99 5
54 3
60 2
160 2
42 3
251 2
204 4
167 3
68 5
61 5
298 5
57 4
78 3
5 3
47 2
34 5
235 5
272 4
214 4
252 5
94 5
120 2
182 3
93 2
123 4
161 5
97 2
59 5
139 5
61 2
0 4
249 3
207 5
81 3
61 2
287 2
114 2
293 4
246 2
260 2
210 5
193 2
160 5
226 3
104 3
299 4
29 2
169 5
136 5
110 5
252 4
12 5
135 3
264 3
255 2
220 2
289 5
63 2
18 5
134 4
143 4
183 4
175 5
81 3
233 3
286 4
60 2
186 4
152 3
97 3
169 2
173 2
230 4
141 4
23 3
217 2
272 2
210 5
279 4
160 3
45 2
129 2
37 2
254 3
88 4
37 5
128 5
291 2
272 3
218 4
87 5
97 4
140 2
142 4
171 3
156 3
215 3
9 3
291 3
4 4
270 5
168 3
43 4
9 5
186 2
186 2
21 5
43 5
11 5
91 2
42 3
52 2
188 4
74 3
72 3
292 2
0 3
217 2
143 5
25 4
121 2
233 2
134 4
186 2
22 3
297 4
212 3
17 5
226 5
141 2
100 3
33 2
136 3
92 2
190 3
37 2
2 2
212 3
187 5
41 5
138 2
256 4
92 2
208 5
242 4
285 3
202 3
192 2
12 4
237 3
5 2
79 3
130 5
297 4
157 3
218 4
283 4
259 2
263 3
102 2
65 2
28 4
132 5
186 3
276 2
93 4
186 3
272 2
238 4
90 5
188 2
65 4
89 4
94 2
264 5
9 3
33 3
186 5
278 5
146 4
251 5
95 4
141 3
25 3
5 5
276 3
166 5
69 5
279 2
10 5
277 5
270 3
78 4
7 3
139 4
16 5
213 5
88 2
120 2
266 2
240 3
248 5
88 2
268 5
283 3
27 2
263 2
134 3
141 2
117 4
261 3
67 4
153 5
5 4
295 4
89 2
176 3
164 5
194 5
215 4
205 3
225 3
195 2
143 4
202 5
56 4
159 4
113 5
76 3
19 4
241 3
186 3
62 5
199 5
65 5
159 3
135 2
130 4
116 5
6 3
139 2
277 5
222 3
142 3
168 5
247 4
129 2
230 3
140 3
13 3
119 4
226 4
292 3
198 4
143 5
111 4
230 4
259 5
181 2
137 2
9 4
250 5
215 4
74 3
300 3
113 5
69 4
276 3
108 3
203 4
48 4
74 5
150 5
82 3
59 5
59 5
250 4
45 5
32 3
163 5
239 4
81 4
176 3
291 4
174 4
157 4
84 4
216 5
4 3
41 5
167 3
137 5
90 2
195 5
220 4
285 2
261 3
275 3
214 4
212 3
2 3
66 4
62 4
236 4
16 2
74 2
241 2
257 4
157 2
116 4
95 4
224 4
143 3
64 4
127 4
274 5
9 5
192 2
258 2
112 2
273 2
101 5
232 5
93 3
159 5
17 4
11 2
227 4
265 2
4 2
191 3
18 2
68 4
106 3
198 2
5 5
