30000
1200
149
214
247
369
374
460
705
761
801
827
858
896
1011
1056
1065
1154
1176
1373
1412
1429
1477
1499
1650
1759
1761
1780
1785
1845
1874
1937
2076
2156
2214
2219
2257
2285
2292
2299
2315
2344
2352
2354
2418
2443
2492
2504
2523
2544
2647
2720
2748
2866
2887
2887
2940
3069
3117
3138
3243
3254
3291
3469
3532
3733
3842
3848
4106
4134
4155
4156
4162
4173
4201
4304
4324
4343
4345
4373
4387
4415
4452
4487
4504
4626
4631
4663
4699
4737
4760
4927
5022
5247
5352
5363
5398
5434
5610
5736
5852
5900
5905
5970
6024
6033
6041
6087
6100
6169
6227
6310
6312
6350
6473
6509
6736
6842
6913
6916
7136
7265
7294
7358
7362
7428
7459
7511
7525
7536
7559
7662
7689
7809
7820
7869
7956
7987
8080
8399
8405
8461
8542
8651
8698
8709
8754
8831
8951
9198
9351
9361
9558
9573
9768
9928
10017
10054
10113
10121
10131
10207
10225
10287
10300
10346
10520
10701
10732
10765
10919
10965
11021
11032
11059
11173
11208
11232
11290
11308
11345
11346
11498
11591
11614
11694
11766
11775
11827
11829
11933
12109
12205
12307
12346
12361
12605
12656
13007
13034
13161
13230
13258
13283
13362
13470
13500
13597
13658
13759
13803
14025
14068
14237
14256
14390
14510
14535
14539
14550
14568
14631
14685
14772
14789
14829
14915
15229
15257
15318
15322
15444
15497
15501
15514
15545
15553
15591
15635
15639
15709
15723
15774
15886
15901
15917
16092
16098
16178
16228
16356
16378
16421
16427
16434
16499
16555
16709
16835
16852
16862
16883
16888
17012
17012
17017
17203
17472
17510
17531
17666
17718
17816
17856
17994
18028
18032
18052
18076
18308
18403
18556
18578
18634
18652
18679
18726
18762
18772
18932
18950
19098
19298
19364
19376
19429
19440
19689
19711
19723
19731
19732
19796
19902
20061
20083
20202
20230
20384
20470
20525
20617
20618
20638
20672
20761
20808
20814
20851
20868
20892
20894
20910
20969
21030
21172
21204
21230
21321
21324
21378
21461
21530
21578
21594
21595
21622
21660
21782
21803
21831
21832
21908
21942
21956
21988
22002
22065
22100
22102
22119
22157
22173
22248
22483
22526
22577
22654
22667
22713
22817
22897
22917
22961
22971
23126
23163
23195
23273
23442
23618
23676
23747
23764
23826
23938
23969
24059
24162
24252
24263
24450
24469
24489
24507
24550
24687
24779
24919
24957
24979
25141
25178
25253
25288
25303
25307
25373
25389
25438
25449
25458
25505
25616
25735
25773
25856
25862
26128
26133
26224
26247
26278
26314
26346
26348
26484
26602
26672
26841
26882
27041
27167
27193
27343
27558
27593
27677
27792
27793
27901
28015
28037
28071
28158
28261
28276
28351
28371
28423
28467
28567
28689
28768
28933
28944
28962
29015
29146
29246
29247
29271
29311
29412
29431
29489
29504
29539
29546
29624
29640
29689
29697
29722
29789
29873
29968
29971
30054
30202
30318
30405
30519
30618
30667
30729
30931
30999
31136
31334
31339
31429
31454
31471
31492
31512
31590
31594
31642
31873
32014
32029
32042
32113
32223
32416
32522
32580
32588
32620
32739
32901
32905
33022
33094
33186
33303
33346
33372
33442
33526
33540
33556
33569
33663
33726
33751
33770
33804
33823
34034
34051
34251
34328
34426
34470
34601
34607
34663
34686
34708
34806
34857
34858
34869
35058
35093
35126
35145
35448
35581
35731
35749
35815
35833
35929
35978
36012
36174
36197
36318
36436
36445
36486
36515
36521
36558
36589
36636
36654
36716
36879
37044
37064
37066
37068
37100
37142
37304
37330
37356
37416
37423
37466
37472
37516
37519
37538
37594
37628
37645
37759
37802
37814
37824
37854
37868
38152
38193
38201
38213
38339
38474
38560
38759
38845
38866
38901
39071
39161
39168
39188
39198
39203
39308
39352
39368
39484
39490
39502
39593
39603
39616
39640
39818
39821
39844
39857
39993
40092
40315
40327
40354
40401
40421
40499
40525
40543
40580
40686
40711
40745
40810
40846
40936
41070
41095
41133
41197
41388
41395
41417
41461
41480
41695
41720
41914
42019
42053
42082
42085
42117
42131
42177
42190
42223
42279
42346
42346
42414
42432
42524
42560
42570
42584
42709
42746
42766
42857
42950
43000
43081
43097
43097
43104
43106
43281
43362
43378
43400
43491
43591
43609
43611
43624
43638
43703
43732
43760
43818
43985
43989
44039
44054
44079
44116
44120
44177
44330
44395
44449
44546
44549
44580
44587
44591
44612
44647
44742
44793
44837
44961
45107
45272
45366
45437
45439
45684
45767
45889
45891
45895
45994
46072
46116
46170
46180
46235
46289
46315
46469
46473
46532
46559
46614
46618
46791
46823
46863
46870
46887
46924
47243
47251
47291
47322
47425
47484
47499
47503
47511
47569
47571
47622
47665
47666
47675
47695
47722
47727
47860
47875
47910
47922
47976
48017
48024
48180
48192
48196
48278
48392
48440
48474
48499
48591
48616
48642
48649
48662
48783
48807
48854
48924
48987
49086
49173
49266
49338
49368
49383
49427
49435
49437
49473
49607
49755
49806
49814
49866
50120
50188
50245
50246
50275
50329
50393
50414
50486
50543
50623
50667
50752
50759
50840
50924
50928
50938
51015
51063
51075
51209
51225
51281
51292
51478
51619
51654
51693
51716
51757
51786
51798
51872
51917
52032
52037
52061
52129
52180
52284
52306
52323
52432
52444
52574
52690
52734
52866
52912
52920
52970
52972
52977
53034
53124
53151
53200
53267
53311
53342
53426
53447
53576
53599
53687
53741
53749
53878
53912
53998
54112
54167
54500
54518
54540
54582
54595
54644
54858
54946
55062
55181
55306
55346
55611
55620
55632
55808
55840
55843
55860
55923
55931
56036
56257
56377
56379
56398
56418
56509
56589
56609
56612
56696
56765
56790
56792
56875
56980
57026
57047
57110
57147
57267
57369
57466
57559
57594
57630
57633
57718
57801
57803
57854
57859
57987
58032
58138
58222
58241
58265
58320
58372
58382
58716
58792
58873
58885
59013
59021
59079
59249
59255
59317
59346
59425
59440
59595
59697
59711
59740
59762
59788
59884
59898
60181
60376
60395
60505
60512
60587
60723
60742
60782
60786
60817
60893
61022
61143
61352
61372
61422
61463
61481
61528
61633
61777
61857
62015
62240
62265
62273
62387
62388
62476
62560
62885
63038
63091
63098
63250
63358
63402
63456
63514
63609
63634
63686
63781
63799
63868
63886
63946
64005
64029
64052
64077
64128
64313
64346
64433
64462
64503
64538
64611
64706
64742
64809
64840
64860
64935
64987
64992
65115
65178
65196
65264
65388
65390
65608
65821
65835
65846
65919
66073
66246
66247
66275
66341
66408
66489
66500
66517
66640
66655
66691
66758
66974
67165
67217
67324
67329
67465
67842
67977
67992
68091
68255
68320
68350
68365
68394
68479
68492
68548
68585
68595
68687
68846
68849
68920
69057
69108
69109
69125
69256
69332
69410
69607
69615
69692
69743
69776
69836
69944
69953
69995
70067
70248
70376
70501
70516
70554
70564
70754
70766
70775
70790
70793
70820
70872
70998
71098
71100
71263
71402
71458
71526
71575
71737
71826
72073
72122
72306
72396
72527
72559
72574
72666
72751
72851
73050
73097
73127
73148
73151
73389
73528
73573
73681
73972
73986
74010
74069
74140
74167
74246
74259
74354
74437
74496
74538
74544
74576
74708
74741
74868
75046
75110
75129
75238
75351
75378
75405
75474
75549
75557
75604
75813
75865
75879
75898
75902
75965
76096
76138
76264
76305
76309
76363
76396
76402
76421
76429
76492
76522
76560
76605
76630
76638
76645
76703
76736
76737
76975
76996
77046
77048
77135
77143
77171
77174
77285
77326
77385
77414
77463
77515
77575
77597
77647
