-72413
66448
-49760
-70572
95666
-90635
76500
31665
-65725
-31098
49646
-65863
15477
-4960
52104
-51916
-9594
-6965
91454
57420
-70965
-83503
30732
-87292
-31648
39283
-92727
-98918
14544
82882
-48333
-75336
85030
-84769
95933
73488
91114
35610
4022
-67012
99500
-29045
-80954
84787
49963
-23590
33847
-70176
57921
-58586
-79959
-56213
34376
15960
-82287
97274
48021
24702
5202
30457
54943
11361
79671
-6849
52541
-38809
-38007
54808
16916
49356
18222
52323
5865
4808
88093
-55242
81247
-45673
-73093
27351
48446
85720
66566
-42821
-7789
33068
97561
-14700
-16819
-9093
-69840
-73759
-92654
-83460
19417
-85762
75935
-76607
88232
45711
-82148
36191
-68021
42574
62339
82433
76274
-47658
-75009
-29105
-27572
-31042
-87551
-27410
-42786
-2870
-88093
7227
98887
-78370
70450
-43824
-49695
23547
-78398
65833
-5766
-89975
-68435
4237
-55782
-48058
-1509
86967
88938
28451
91473
-42069
80190
-55699
-27085
-83645
-11015
-63416
96702
48871
-86892
-53635
-63966
-81822
-7227
-50369
57389
37288
-98260
-27997
36548
11797
70240
75084
-62380
-72395
61660
54911
20545
-29272
39096
85715
32193
29395
-19070
16322
-36034
-47257
-64373
49616
74829
-5939
5842
871
2817
-32140
-75781
43364
22577
-29712
-85403
58410
95958
26298
88369
28629
-92901
83342
-61500
-73685
43447
20247
-20073
99137
-13902
64933
35878
-66685
26028
-88187
7096
82979
90127
-39137
47921
-475
18044
48181
-56899
30037
-30597
7541
72859
-90823
10200
-8132
-3661
-36982
-48581
-43658
-40687
6660
81225
121
99563
23786
-5943
55948
-35113
59414
-80358
-66508
50357
-55316
-10197
12272
-53603
79244
43566
38408
54627
96567
26758
-62519
66938
51151
91486
1579
41912
68242
-3833
20645
-21650
-26872
31424
-40008
-38524
-75468
46085
63936
-19080
7051
-24714
-26458
-86669
-15068
87897
-54142
-5944
98515
-17406
-60634
52011
54643
61009
85081
35409
-19956
-91683
-70191
83768
47858
60815
-98029
58077
-84893
-57652
78124
91244
5697
55821
25594
-87921
54579
-70298
15335
24005
91435
-66435
48695
-71498
2098
-9069
88262
57633
28909
90063
15102
-67907
-27196
-44857
-49571
-78774
-36391
56414
95458
-13805
-15707
-56835
-32136
44946
66756
67043
-58352
-13303
-36134
-83244
83744
-2719
-24354
85467
24647
-34792
-94907
-79034
-6910
-71687
20724
14445
56934
-37281
-45407
87396
-66712
-20672
-68839
-60412
-46839
-71935
-18128
13222
86609
77574
-94758
32463
-85902
21353
-31783
-35827
-73066
12601
23139
19911
26720
-35414
-49285
-39648
-54367
3214
22950
12130
-88150
-62813
-14060
-47058
-85258
-38013
-13665
-24554
96978
14968
12173
32385
-99512
9783
-6825
-93842
-48307
47716
-60006
-56047
-46979
-10250
64187
33854
42679
65240
90793
96858
86103
72087
61482
-37819
-80206
80729
58522
-58356
92638
-88695
17114
52118
-60661
78713
7369
-84531
18778
-74166
-37640
-92108
49055
-99193
-27532
-84592
-96770
-85358
-34215
63281
24288
73304
-87321
-84931
24691
26092
13718
80720
-31598
-85888
67682
-60909
5796
-46602
88941
-43311
-26934
62153
86743
97396
88705
47409
87569
16199
-40302
-44758
30453
89175
15337
-38251
41156
-99978
-71539
66634
-10514
-26666
22568
5016
-10426
-28324
30562
87444
39995
-24940
-36270
-86624
-70381
-56975
19779
-1454
24210
77839
-87745
-95475
-55674
-56687
-49452
-74947
18320
-6432
9522
-15969
-29950
-48865
1666
-97702
48263
-21707
-54041
-80531
-81219
53702
-39240
72367
-21925
93677
2884
-44705
-69623
71100
84720
47418
36379
6660
20427
-69365
-76544
-73012
-53681
19953
-79418
-29699
-55133
37455
-69411
-69689
-87827
-61308
-38664
-18956
-88451
-53637
80423
23117
-67495
29676
49243
-99051
34027
51018
85050
-79593
56775
90485
4853
84834
63503
-4145
53609
-32567
-74683
-94744
36472
-60434
-89982
48101
22231
-66521
43428
-30569
52522
-19875
91440
-33039
76131
-79425
-94653
-20949
88924
43918
71586
-84990
-45282
32999
-26582
-76688
-1354
79414
-35618
-52172
-55387
99190
98324
59572
38056
91411
-15603
40694
28763
78690
66894
97317
29044
-78825
-76854
-1867
-74883
574
99056
-14080
-90934
74754
-91633
-24797
69691
62355
-29502
65583
-47296
84881
51436
-56991
-1532
48849
-68632
-40166
90309
89092
-44834
72214
56358
-88727
26078
8367
10556
10544
34083
-38365
20392
-85013
40526
83347
85665
58953
52697
-82768
25809
-52162
-68541
-45115
11561
-22302
-39571
54416
67909
16998
-30337
-91196
-59700
-70411
28784
35480
-58313
-35362
87430
-47526
-32682
-48901
-10234
15007
-18595
-47541
42444
-93641
-53657
65436
95985
-75739
-77426
-97109
-61915
15894
-53734
-83543
-83263
30519
-61932
59140
62268
-14552
89578
34289
-63339
22814
4287
-79049
13635
3194
-14786
31223
70202
-93784
57909
81932
-29454
-83051
29383
47241
-87279
94630
53142
372
95575
-37386
-14011
-55062
-12764
-71289
-25684
-82898
-86484
-83731
86543
88091
25184
-90689
-48268
-48514
74804
45629
-29845
84103
73102
78972
45284
56726
36273
-65238
95036
-41689
-86285
-69025
72661
-75807
39893
19487
72084
64476
-16787
-30897
-46539
-31471
65796
-49193
83720
63508
-61781
-23205
34003
-80970
-62844
-16833
52240
-90485
24704
-35815
76798
-20670
96274
-38676
-72584
26841
8970
67952
52546
-5652
-32531
-64702
94325
65639
27693
5947
-49449
-2428
-44934
74954
-94669
-17655
70382
5627
26304
85008
-56136
-5829
-79156
17735
13454
40739
8438
-36834
-62112
1370
78408
52525
74197
66748
48455
-96865
-96966
-69982
66871
-74026
97561
67077
5933
18419
-59922
11666
10722
-56800
21002
-58459
55471
64135
-36798
65635
-26391
25879
19862
-25969
59359
92711
-26384
6030
450
-30545
1542
-81445
1554
27830
98930
98297
-19019
65894
35414
6287
-81804
-4212
41623
-25947
78416
93723
328
-44910
-52563
65914
88805
58735
-6206
43712
-10368
19157
-5674
21509
-90430
-28327
-37762
8940
87858
87955
-4182
-78943
-48880
36193
-72498
13025
-11863
-74007
95054
-38989
-18742
30456
-86096
-20032
11672
-6646
-89792
59300
-15143
97674
56972
75837
-7867
7338
-2883
94498
33383
-97483
51823
-19859
-22030
-78110
35321
74684
-67815
-51013
-71832
30053
20097
1391
-12222
-83339
-32532
-67664
17009
-63157
9166
81130
73790
-7392
-67674
-44467
17281
-45300
99796
29659
7782
1338
47053
-72938
-6026
49954
-75433
88165
3502
-56298
-6150
-78293
86251
-17056
51356
-44815
17864
-63470
-19033
-55578
39418
-49194
-22054
55531
-32390
58146
-1330
80621
-15401
41631
34819
95171
90461
18957
81452
-61701
-66123
-29185
-8143
67141
7059
25240
24046
-92611
-81882
78494
20188
-13641
-20017
-9880
11695
79557
82226
-12438
-96554
46366
42637
-94725
67823
-64972
-42153
-35067
93471
81609
9282
66363
10818
39545
84352
16677
7817
-84057
73807
-67202
-40418
72014
7077
-26546
50835
48410
34059
24403
-48392
-85409
49274
34557
-2589
-68973
-18666
-64354
-19160
-42789
-22646
-90864
4728
-47459
39365
-19806
80364
79629
-57853
-82058
30895
-77807
-8831
99227
55830
-19686
-75816
-94482
-72107
-81546
20552
-92739
79379
56346
52780
-80911
-36715
18774
-97788
69885
87385
11081
-21768
32246
88192
-53712
8148
-36204
26252
-30790
14789
46190
-12251
-1175
64081
76574
72653
-8502
55404
-45122
-21207
86008
99478
44037
60828
-13164
-85640
50890
42884
-34222
80564
59850
16445
59478
-34324
-75743
80216
-28494
3613
84800
18837
80839
-81475
54028
-16952
89855
-10173
90245
-9419
1771
73017
-94197
-34834
-4960
-7928
-2815
74744
-63679
-85904
14918
95711
-63649
-98473
90761
23767
-21427
53887
-31345
-85897
43337
-51235
1738
24285
9692
-69573
79883
2592
11676
53736
30380
36932
35589
-95648
-22326
37414
-92489
50765
-29767
22764
27433
49897
-89804
57694
-41452
-66981
28845
2543
-75389
10653
-31765
59343
-1131
-96099
-42047
76581
-99298
59660
-14744
-67253
12892
-96618
24009
8330
-55597
58708
-40670
-73498
-2977
74741
82953
38446
-16433
69359
9373
33428
-35159
92206
-86285
22971
14289
-52218
23443
-78470
-2658
54748
-80596
-20589
78621
88517
61314
-80648
-31411
36723
39546
36711
57186
46694
65461
8404
46668
-24183
25282
-63170
81132
26570
-41422
82701
19043
-56986
-66373
-29389
929
59070
-7800
30277
-69836
77152
89345
86210
35011
-50568
-99406
-77296
-55354
-21508
54892
-69382
-83509
25955
-96532
-1167
-18018
-86949
-42527
-88801
81026
72689
-64343
-19417
-56139
-54426
65681
-45437
-84755
99742
-88817
54757
96413
-73125
-94998
67879
-89256
14679
64639
-62175
-68123
46068
-42526
-56045
95476
6092
12796
-7496
57562
20312
-7993
-39044
79732
78282
22425
-94299
-20405
43891
-20614
-29748
-97486
74842
36370
8960
85022
81524
1769
92871
54298
-28423
68785
-60706
70167
-65728
43089
84036
44042
-73368
