800 860
3590
4831
5805
7472
1525
6449
1883
1799
9068
8619
5513
8331
4312
3381
8559
645
3680
3458
9436
9161
5619
2514
1478
3826
4070
4198
9837
9671
3459
5980
9002
9033
4405
3812
5809
1962
305
2385
9782
4326
5190
523
6914
9959
8131
2557
2040
437
505
4458
7448
1158
8021
9221
2013
8578
1636
5053
9083
3403
770
8199
9619
413
8589
2373
8509
5364
8471
2340
6553
9220
4661
8957
2385
7079
8838
8717
8598
7464
7099
5119
9303
3653
4478
8196
613
8925
4082
81
9850
1146
2009
4190
4242
9053
4383
6161
3183
5483
524
7786
189
412
7929
7578
7916
2970
7261
3359
8941
5753
4148
2559
8606
3234
7307
9583
6309
6351
5639
3890
5694
387
6919
4514
2120
1712
1508
946
6529
3092
8360
422
2847
1933
1147
161
5753
6491
3648
131
6535
7958
7639
9442
9340
5564
2232
9485
3578
8634
7475
6567
2272
5917
8228
8481
8430
7729
8318
3995
9962
2992
8726
7717
2889
7323
9095
902
345
1415
3950
6500
5232
8319
22
5160
5148
5152
6735
7674
5991
4543
3060
5872
1159
78
5960
283
4591
9092
5588
9137
220
7846
7555
5548
7095
6156
3679
9713
8444
776
8367
136
6201
2657
7905
7944
503
5452
3923
9015
6788
1693
3993
9317
8957
9576
5730
6380
5960
7972
3290
1086
3167
4239
6666
3236
34
3207
7391
2620
7343
5631
7523
5651
7911
8025
9646
9716
482
2051
8395
3329
5852
3155
3480
947
9487
1161
474
7597
4022
9300
2648
3158
7251
4197
8123
2251
9757
6440
4246
8553
8797
8508
1721
1470
3900
5072
392
1904
7733
3955
9936
6562
9221
7127
9057
6725
3926
364
6666
9583
6801
2361
5875
9696
4931
952
5012
1566
6283
2074
2810
3841
595
106
7941
9534
3870
4703
1360
4089
1774
1740
9407
875
9457
818
7672
4983
7910
3274
7838
3992
7734
1789
6698
3788
9413
987
5453
5138
3622
7818
8421
9652
9453
3034
5564
3933
7834
5291
7135
2636
9738
2660
6536
9514
2772
6579
3556
8780
5454
1252
5360
137
7876
6735
2714
4961
202
4548
4443
4060
8873
6818
3450
7139
4848
4297
9271
8082
5502
9756
6627
7503
3589
8601
6090
8790
1649
829
6591
1008
7470
3629
6246
9536
771
4453
5703
9336
5545
8698
9787
6457
5700
124
5976
582
7624
8667
8023
7639
7713
3942
7585
5310
9059
7079
2633
9695
1995
3282
1885
4528
5517
6723
6866
664
3198
107
7625
4152
2022
4369
1172
5736
4676
9708
9043
3338
136
6900
4732
8869
2714
9845
466
3750
3347
5006
9470
7016
2735
5927
6828
3459
2981
542
3051
9240
9447
7036
2956
5267
7552
2282
4935
4522
833
2058
7692
1940
1188
8473
5283
5383
5140
7549
2419
7928
4791
3484
936
6698
9437
4118
9695
8173
4909
7710
1139
6237
8084
9765
1015
659
2377
4603
8017
6775
7158
5053
3806
8548
5631
3378
5346
328
6451
3707
5236
4332
4670
6721
5849
403
569
547
7781
9349
9973
5572
1250
3428
5165
5336
7731
3347
3587
8093
5951
6807
7213
7254
2104
107
2396
5426
4472
2461
1166
8137
3610
6297
3618
8213
3889
8943
9073
7859
8676
9711
6121
7953
3016
4564
3294
8227
223
9339
1979
3410
3934
9974
5599
3478
9503
6167
6229
6501
768
9896
8999
3133
4974
5450
3223
9366
2638
1930
186
1067
7419
4802
5878
2605
5470
8250
8345
5217
1075
1160
1329
6137
4460
1055
1804
9315
8436
6478
4636
6152
7676
8048
3196
4227
8586
4133
8130
9773
1737
8571
1479
7834
2127
3385
1982
610
107
4636
4363
3724
161
9847
4872
5763
2895
4692
7596
3686
4980
2344
9202
2786
3769
5909
5230
8687
4070
9881
8621
3714
1975
5145
8798
7758
4747
1748
2846
6657
8114
3076
9933
4985
7858
6787
3817
2389
2329
2366
2426
5384
8385
9985
4838
3825
7572
7117
9619
9938
9045
5338
2278
2605
7602
2742
4427
4082
141
3072
396
2877
955
3939
1542
3243
7368
3317
712
9137
2881
9071
925
763
1583
7691
7257
8046
7373
2404
8259
7712
2671
6212
1190
8714
6685
1665
6724
7755
6328
2446
1803
1532
3123
7070
89
8242
2507
8715
2492
3164
9182
3259
4180
4661
9630
234
4649
412
2451
6921
4529
1420
8966
2151
5501
3143
1654
7154
3174
9926
8245
1331
92
6986
4107
8517
985
7837
6443
4947
9961
7029
381
6005
7229
5751
7894
2667
7969
3124
5004
9587
1120
3343
4686
8982
83
1907
8009
7254
8692
2654
2994
2212
8553
5581
175
8012
7486
8240
4512
1786
3953
336
9015
3165
2225
1925
7464
997
1207
2795
5190
7234
4472
986
2210
9840
6084
9256
9374
2191
4295
6890
3485
3955
4612
3340
3107
9044
9653
5096
8007
6699
5388
4769
315
3672
2864
1918
5722
8574
6031
4438
9135
4519
5150
6793
388
9223
1311
635
5780
8239
5987
9751
2421
2405
8498
2016
4042
2242
557
5430
6128
5225
7759
2359
4738
1015
6525
7253
6503
6953
4387
2577
5872
38
4000
4364
6570
9333
504
3479
4999
1143
2114
8247
7194
4151
7811
4751
1679
8701
3353
7154
968
4742
9616
155
3857
7510
5349
6903
9790
8173
6778
2630
4333
1251
2303
4345
2190
3260
9784
8773
1421
8643
6095
7929
3498
8545
8725
7106
4175
6988
9639
4628
5886
865
4017
7514
9294
8059
932
2653
538
583
1071
5197
2864
784
4913
2582
6383
6881
2562
5422
6445
7388
1043
9061
7155
2231
6582
6187
6921
5397
6311
5404
2415
6529
5690
4224
1434
5067
7402
3442
4218
229
6720
9159
4487
9790
9088
2272
5180
7839
8125
6696
8834
8822
7326
8350
5442
8969
8730
6184
8116
8776
9918
2718
1276
1936
427
4177
8431
4608
2738
8134
8958
3289
4070
7120
1296
5453
296
3599
7506
5556
1282
5955
9043
820
8785
7111
6495
1855
2774
880
4198
5669
9338
5797
1533
9546
9112
6741
4797
1254
8034
6126
8576
4612
7246
3253
477
2470
2384
871
5941
3690
8877
8893
3055
5412
6394
767
2683
4390
6113
2685
6465
1569
9229
3333
9958
2351
3718
7163
5010
69
1306
9703
3452
6404
5493
7932
681
2231
6390
7260
9404
9253
9375
1274
2366
1197
571
5843
8938
3957
7792
598
5275
263
4532
5678
2772
4564
588
3278
874
3184
8097
4700
4478
9818
6591
9535
7762
3254
8958
9350
2124
5202
5604
8826
8460
391
2989
2607
5642
7315
9851
9826
7190
30
6262
1302
6895
7129
3436
7418
2505
4531
6099
7320
4846
3660
7988
6905
9516
7881
5032
7438
4911
801
4706
2340
337
697
8840
5840
4825
2844
544
8069
800
111
5675
1956
2568
5231
8782
5192
8548
6889
6809
1479
8866
8400
8048
9504
7477
3184
4704
9585
8321
2483
2036
840
3371
1767
8213
394
4280
6676
276
5916
3573
1537
9171
9351
5181
8262
5639
9627
6559
5008
6668
545
1060
5884
2978
7387
9800
4781
3596
5532
436
1603
6816
9656
5799
7825
976
2861
636
1195
2963
2177
1725
2484
2530
9053
3259
574
2528
9199
9226
8774
6755
5906
2362
7924
4192
7037
2627
6054
2080
3794
5946
9838
3272
2531
6782
1899
2782
1774
151
2774
5405
8512
4393
4710
9563
6176
4191
7335
8555
5767
7915
3316
8442
4884
1200
8999
1531
4439
5328
1963
3821
2495
6373
2305
1341
2065
9637
2085
698
6624
6792
2030
4364
4033
2626
2843
7372
4035
5758
6393
6436
5418
853
7100
7129
4624
5928
6062
6917
691
143
168
8761
5755
6565
184
7750
3690
1579
3966
9293
4231
9109
9713
1155
9041
1091
9235
940
3447
5876
4874
1405
670
1740
4042
2393
3875
1978
6320
1457
2074
3260
4441
3819
1988
8650
4971
7174
1068
3321
9404
779
4712
9023
1393
98
5977
2607
7685
6835
591
5741
3113
524
299
5700
5518
3590
4492
9680
4316
2408
2427
3493
5686
13
9120
4019
374
9753
278
9868
7530
4158
7857
2083
4629
8725
8385
5562
9909
6842
8980
1197
1555
4416
9526
9419
2103
8869
6988
7527
4276
4139
229
9854
7102
9957
5212
9325
5061
3666
7493
799
1753
5229
5746
72
573
4446
6197
9586
1078
4634
5613
8107
2427
6809
2021
1813
3504
713
989
8131
1372
4760
5661
3943
8235
3770
1519
704
8886
543
3522
8367
3796
1041
6562
1945
4356
4087
6289
8044
1793
4339
2316
1598
2011
5318
576
1433
8317
1333
2977
5695
8752
975
533
9393
7412
3726
1461
9046
3035
6432
3598
7236
4919
5141
1651
7227
9624
1894
1586
8036
6296
1426
7260
7304
8052
3466
4297
3887
9364
3248
8354
1789
485
9792
2022
7880
949
189
5122
7699
727
6397
8899
1463
5178
3106
1834
3846
7780
5535
9336
39
3271
9916
5484
4307
6088
8216
3487
8069
5563
7544
4032
9722
6654
1255
4419
8234
8881
2582
7506
4956
7304
9690
9267
2519
9357
3041
5904
9117
8889
38
8807
4338
801
444
6303
9195
9075
8451
4997
4590
8166
2918
7985
9075
4417
7846
7810
3464
9317
2655
3407
1978
5179
2474
7916
2145
9144
8414
8794
4793
2195
6999
3513
7104
9666
1077
4504
9911
2381
2259
3972
5144
3655
3348
8868
5439
112
770
3414
8572
2755
8380
7334
8920
4709
4128
1530
7752
7820
7256
9733
2791
2618
6422
2793
7932
7162
3718
3074
5552
8187
2512
4055
9929
9370
1239
1721
2905
8917
7088
6206
4718
3221
9920
1786
1233
8047
9738
7837
90
1627
9452
2211
7169
7436
3628
9188
2437
1043
8180
1424
7530
4471
4458
3222
926
456
2980
9901
5711
928
7906
3356
3126
1776
2236
1185
8888
4957
5273
3242
2519
3526
2116
7237
1150
6466
8115
3251
6814
2530
4615
3874
1502
4277
2395
8221
7434
6119
409
9302
7393
2631
4587
7094
8971
4306
7595
9767
3728
7551
7618
670
4025
240
9177
2737
9332
4988
8279
4148
